[(31, 0.8691547915072435), (180, 0.9040310658932026), (1, 1.1697276018372824), (7, 1.2050178826473905), (143, 1.2187053236119059), (200, 1.2461714283356042), (182, 1.2871881165548416), (43, 1.3083248824737685), (11, 1.3487913315261186), (3, 1.3773473382919794)]
[(190, 1.9060633605418265), (182, 2.3509778510015784), (3, 2.540531355523879), (180, 2.618878687377481), (142, 2.6958254973755253), (5, 2.7539302391854448), (0, 2.7763589251571923), (4, 2.7838831970109665), (157, 2.827136722463206), (177, 2.880223475878217)]
[(21, 0.8463991636338023), (291, 0.8840809936312397), (23, 0.9022338191954457), (268, 0.9067745751287913), (290, 0.916497021162644), (83, 0.9477133361940201), (143, 0.9632366361907131), (47, 0.9706709908614761), (343, 1.0095857590120811), (258, 1.0254674490202018)]
[(142, 3.754231872900234), (6, 3.7546281696860477), (130, 3.7552783336658284), (144, 3.7649560418018164), (41, 3.776382463972631), (177, 3.784450598937711), (285, 3.786817304320345), (237, 3.7892902392796466), (235, 3.8200431397694974), (266, 3.831102092844825)]
[(182, 1.2242416387707127), (180, 1.2694126662358463), (0, 1.3773473382919794), (5, 1.4333535012340817), (200, 1.6823906593000335), (190, 1.7374667743010226), (31, 1.7388822346266006), (143, 1.7609223817363444), (2, 1.8385075847545476), (268, 1.8834689857016493)]
[(155, 0.39456250062569304), (159, 0.44017702791036245), (153, 0.48104135414743704), (151, 0.5010315222618233), (142, 0.5994046660645879), (177, 0.6467260070539919), (237, 0.6641998826407605), (137, 0.6999996897856455), (157, 0.7510914032925686), (283, 0.8722931450493004)]
[(182, 0.7795736618177912), (200, 0.8236918435920074), (9, 1.1107693463091246), (178, 1.1346130527188554), (180, 1.2851972775803722), (4, 1.4333535012340817), (7, 1.491084875887352), (0, 1.5304711197536527), (31, 1.56596318800922), (43, 1.592879559822399)]
[(229, 3.4641016151377544), (167, 3.605551275463989), (237, 3.666853379929446), (270, 3.6915541827934755), (3, 3.7546281696860477), (151, 3.8011873316767746), (92, 3.820144312038486), (5, 3.820611906619148), (142, 3.832895950335725), (259, 3.8494329084814556)]
[(43, 0.5498184394870729), (31, 0.6823642185079754), (11, 0.7629895635590306), (9, 0.7689150008941171), (178, 0.7718587212048588), (200, 0.8795724059450706), (0, 1.2050178826473905), (45, 1.2164182031275264), (19, 1.2349381158179544), (180, 1.3956444226234703)]
[(155, 1.2558239232073898), (153, 1.25705057805961), (159, 1.270857695377417), (151, 1.301503790121258), (177, 1.3105968778384909), (142, 1.35595057361985), (5, 1.4130853034406665), (137, 1.4308199005115914), (144, 1.5380303863383193), (283, 1.5387583988722853)]
[(178, 0.3839881887506437), (200, 0.6719781443618534), (43, 0.746237588305494), (8, 0.7689150008941171), (6, 1.1107693463091246), (31, 1.1261863576247049), (11, 1.2962351138971666), (180, 1.4734909431007712), (0, 1.5055474137668332), (182, 1.529974273541879)]
[(234, 2.791661153883114), (104, 2.8222860866148918), (49, 2.8535477235890063), (32, 2.8873569415297444), (29, 2.940078712721821), (106, 2.957852854622758), (303, 3.0621478995796396), (45, 3.073631347819709), (53, 3.0867515300069095), (11, 3.1037704875038683)]
[(45, 0.5881645018190065), (43, 0.6127562415022797), (31, 0.6330917184737138), (19, 0.6728930778362934), (8, 0.7629895635590306), (29, 0.7914677915746161), (53, 0.9286922095613809), (23, 1.0053744582989963), (102, 1.068160266907546), (47, 1.159675422521319)]
[(63, 2.0321493459881337), (316, 2.0786656126707825), (303, 2.1128343249057653), (204, 2.1940007119415434), (348, 2.2004240348169257), (194, 2.2075796125847873), (321, 2.2137222552750377), (160, 2.2265771449693808), (301, 2.2323461588875504), (174, 2.2323699766167797)]
[(57, 0.6960666655572582), (334, 0.9008790955505628), (340, 0.9504195163715863), (332, 0.9600481630105856), (15, 0.9622270959602001), (174, 0.9708853442090885), (346, 0.9999474133673231), (318, 1.0106140942516089), (59, 1.0134086005160998), (230, 1.0436815014648864)]
[(1, 2.901313290804701), (9, 3.1673728330589688), (190, 3.1946055735254704), (119, 3.213498747689192), (270, 3.259588348994394), (142, 3.261291403340094), (177, 3.3680986387871714), (157, 3.3699559507358545), (322, 3.3750362179538165), (237, 3.3993513231350483)]
[(37, 0.2529501180074838), (318, 0.381040332642097), (331, 0.4635082574237486), (286, 0.4666095988082542), (57, 0.47309786376605), (346, 0.5101791995955931), (347, 0.5255764981427536), (330, 0.528956242519171), (320, 0.5353435851861867), (340, 0.5542176710463137)]
[(101, 5.291502622129181), (247, 5.291502622129181), (167, 5.385164807134504), (149, 5.42452531413579), (237, 5.43909677335309), (177, 5.492436366240396), (159, 5.524108430624801), (155, 5.565687420175517), (283, 5.5752845411064), (94, 5.579757306908609)]
[(87, 1.1582378419392105), (98, 1.2304533186187925), (150, 1.2471514432096849), (259, 1.2620902857561338), (257, 1.2741566052098934), (136, 1.2819875603140618), (285, 1.2841563475683169), (272, 1.28553889960592), (275, 1.289065839202948), (267, 1.2964667055501269)]
[(82, 4.536084714211144), (41, 4.689239068303087), (89, 4.739469454970672), (229, 4.7783896672937844), (9, 4.793481384891361), (216, 4.803529574313038), (188, 4.809925639154934), (259, 4.822922249984962), (18, 4.824304851727345), (136, 4.826030912375096)]
[(45, 0.3024101053205729), (53, 0.4917119039640997), (12, 0.6728930778362934), (102, 0.7191905049428837), (47, 0.7224591894356387), (23, 0.7449088643585872), (35, 0.8257201056653519), (100, 0.8307479763442099), (29, 0.904368832446143), (31, 0.9530540874472969)]
[(48, 4.129804167717883), (101, 4.242640687119285), (247, 4.242640687119285), (167, 4.358898943540674), (153, 4.5055673023272), (155, 4.5217404236753795), (5, 4.5400853891749655), (339, 4.555574661357226), (177, 4.5626195586746), (151, 4.5626445325600375)]
[(343, 0.5727332721258649), (258, 0.6303579721079127), (317, 0.6549061306782827), (37, 0.7216255267796449), (341, 0.7282938322545373), (154, 0.7463466787626244), (331, 0.7574878468992094), (286, 0.7600309908155062), (257, 0.7720249623554928), (116, 0.7723857430714267)]
[(101, 4.242640687119285), (247, 4.242640687119285), (107, 4.258248581153993), (167, 4.358898943540674), (137, 4.4875820048551756), (159, 4.580222041921112), (157, 4.587219667500129), (149, 4.5876415382743225), (283, 4.599088791739076), (153, 4.600245288655812)]
[(47, 0.5629073749738939), (45, 0.6928102610383307), (35, 0.7402535810788086), (20, 0.7449088643585872), (53, 0.7607883741882495), (291, 0.7632069310481921), (242, 0.8226683571160374), (240, 0.8367417823916766), (106, 0.851244271698788), (100, 0.8864840380965695)]
[(108, 2.0446921481729228), (10, 2.2561341420669114), (43, 2.322179690506314), (178, 2.4060866349115524), (8, 2.4329784185643732), (29, 2.4388166656803048), (12, 2.5388800721774945), (200, 2.6363936225647335), (31, 2.764126107778008), (45, 2.801639275941855)]
[(200, 1.652104165874537), (178, 1.6636517747713915), (10, 1.72677403877867), (43, 1.7783102859175053), (0, 1.7844920931458341), (6, 1.7927050824103778), (31, 1.810937008153514), (8, 1.8283870358870957), (180, 1.8780692059133497), (182, 1.9513427711450386)]
[(145, 4.082881565144891), (5, 4.367523078473656), (241, 4.4531672748617925), (339, 4.492676039422384), (159, 4.495676695815658), (155, 4.5058311063665055), (137, 4.508457025446733), (157, 4.5325703831159645), (237, 4.548337191754807), (153, 4.551002825290269)]
[(69, 1.2233860188427854), (73, 1.324398596495783), (75, 1.5153962347518222), (71, 1.5897576400193836), (61, 1.6878117079816692), (39, 1.8775894609844825), (89, 1.9988101112161707), (59, 2.033338746323396), (222, 2.087232999523532), (81, 2.0944285245383765)]
[(92, 5.200736732886986), (305, 5.208033897163113), (103, 5.235082517477638), (120, 5.263007974115182), (109, 5.279396587565666), (237, 5.290335878741538), (7, 5.291502622129181), (101, 5.291502622129181), (223, 5.291502622129181), (247, 5.291502622129181)]
[(12, 0.7914677915746161), (45, 0.8160061940328639), (20, 0.904368832446143), (53, 0.9712561639444045), (43, 1.138489542507967), (102, 1.1512102360993843), (100, 1.3022484869255944), (31, 1.3394866552153477), (24, 1.3546845775677818), (47, 1.3631357210124018)]
[(34, 3.3892413837612687), (33, 3.4362959592415785), (204, 3.607472798622326), (120, 3.6462039943755205), (64, 3.662507648196793), (206, 3.671082648906178), (49, 3.7149092959855694), (341, 3.716445750942693), (146, 3.7178814415336054), (148, 3.7187052903127453)]
[(12, 0.6330917184737138), (43, 0.6601855495995046), (8, 0.6823642185079754), (0, 0.8691547915072435), (45, 0.9054257749810307), (20, 0.9530540874472969), (200, 1.010295597040787), (24, 1.034345660212291), (178, 1.0660807241480355), (180, 1.1109564318640042)]
[(49, 2.3143620051323), (138, 2.4669138242143767), (290, 2.5181541450435474), (273, 2.524997164869695), (270, 2.5275758009404976), (106, 2.5476856826147136), (304, 2.5640877275748584), (119, 2.5666160350936793), (291, 2.5678735788001714), (274, 2.5866416276129165)]
[(118, 1.5366498776233968), (146, 1.6106527335834997), (128, 1.6155178810833384), (320, 1.6214506795459427), (302, 1.6220769935487034), (148, 1.6234437013028817), (303, 1.6235033023680614), (319, 1.6256833441048721), (242, 1.631673014791873), (348, 1.6317767775955143)]
[(34, 2.4576764423943196), (120, 2.9751176809665862), (148, 3.0464304084288547), (204, 3.0467784046759947), (320, 3.0967667125729696), (89, 3.1020039470800165), (57, 3.1095015919597144), (340, 3.1124949862449576), (341, 3.1138501730012638), (287, 3.114940842632489)]
[(100, 0.2598264965318203), (47, 0.30263189636917), (301, 0.3238099524412429), (242, 0.35699998081232437), (240, 0.4035192727739284), (302, 0.4164526982743659), (126, 0.43977932807261416), (106, 0.44245865185348116), (348, 0.4897731854644556), (319, 0.49274128444854304)]
[(72, 4.300689515507949), (9, 4.414262789504042), (229, 4.47213595499958), (167, 4.58257569495584), (235, 4.633363352587405), (142, 4.708888548914701), (151, 4.7138079225293), (153, 4.728384154846135), (144, 4.743676780673405), (155, 4.776121487054114)]
[(16, 0.2529501180074838), (318, 0.4751594874355346), (286, 0.4776547591095476), (331, 0.4925820499165596), (330, 0.5079799666325435), (343, 0.5183397251803106), (116, 0.5624804106811186), (57, 0.5887492450101316), (154, 0.6014866322704104), (258, 0.6020079294328273)]
[(59, 1.6058674160403157), (116, 1.6133603226495932), (38, 1.635446823440004), (192, 1.6615238330520572), (57, 1.6683508005812206), (257, 1.6858004762426662), (16, 1.7077597922131789), (317, 1.7152131193528108), (267, 1.740168988776665), (168, 1.7443959000467755)]
[(81, 0.35295677724050006), (222, 0.42010923020090857), (71, 0.4207704198253485), (61, 0.5550757560910043), (216, 0.5978806805709648), (73, 1.0082820886041763), (75, 1.02675240817833), (41, 1.1309916964328253), (260, 1.3501584185939068), (277, 1.4309315827460096)]
[(107, 4.73913960337739), (145, 4.791852885513077), (237, 4.89323076391253), (101, 4.905142424170781), (247, 4.905142424170781), (105, 4.9074901104841775), (144, 4.939948499721429), (88, 4.954577735922608), (173, 4.972325607268695), (159, 5.002518652608903)]
[(216, 0.9474183262952012), (81, 1.0437599925270176), (40, 1.1309916964328253), (222, 1.1826363047446162), (260, 1.2727694817601498), (61, 1.3362698172150713), (277, 1.3920324648872238), (71, 1.4376426711112884), (220, 1.5418084690064457), (228, 1.555697964966208)]
[(194, 3.9747001990213047), (13, 3.9751507649899267), (290, 3.984551340841275), (206, 3.986947323642488), (303, 3.9891310144817256), (49, 4.021751603393725), (118, 4.032092384841895), (255, 4.038437258272066), (270, 4.043545331203794), (238, 4.052993592642356)]
[(8, 0.5498184394870729), (12, 0.6127562415022797), (32, 0.6601855495995046), (178, 0.711124989927931), (10, 0.746237588305494), (200, 0.9689043882138216), (45, 1.0486149978423922), (20, 1.0995698814081805), (30, 1.138489542507967), (0, 1.3083248824737685)]
[(145, 3.621496151454534), (107, 3.6518188589934195), (156, 3.725283787525455), (283, 3.762183237735769), (5, 3.7897292569522696), (149, 3.8268753420643318), (144, 3.8451904243483184), (159, 3.8822009161428004), (190, 3.890964685473257), (237, 3.8996325095962567)]
[(20, 0.3024101053205729), (53, 0.38811287468982525), (12, 0.5881645018190065), (47, 0.6808796879038175), (102, 0.6858523814932773), (24, 0.6928102610383307), (36, 0.7839809380973494), (100, 0.7901052960207265), (30, 0.8160061940328639), (106, 0.8775454981367061)]
[(139, 2.6191687302272073), (90, 2.8784901977772996), (276, 3.0623505013306365), (105, 3.105474801411211), (157, 3.136755533349706), (241, 3.143271699933049), (179, 3.149610208374998), (127, 3.1566519236684933), (114, 3.1637715239726147), (177, 3.190954230304784)]
[(36, 0.30263189636917), (242, 0.4239967497516933), (100, 0.4550503950113658), (240, 0.45695742055469457), (106, 0.4701729531778705), (301, 0.5314511738626606), (348, 0.5396692011779067), (53, 0.5454189702421433), (24, 0.5629073749738939), (244, 0.5808442529628747)]
[(9, 2.974426386061689), (101, 3.06912079653115), (247, 3.06912079653115), (149, 3.136307612113327), (142, 3.1871508749665427), (144, 3.1880647579997494), (155, 3.196192821091994), (151, 3.2191553313252843), (177, 3.221955462618936), (339, 3.2255063112788975)]
[(194, 1.449903628004289), (83, 1.5005624155629116), (154, 1.5259561399004888), (106, 1.5264853323238978), (341, 1.52651284039801), (303, 1.5344811217802583), (348, 1.566366032190433), (347, 1.5745428282838165), (204, 1.576340991600485), (345, 1.5827366758876853)]
[(229, 4.47213595499958), (72, 4.496459752827773), (190, 4.544102076714387), (157, 4.557188198648372), (130, 4.575624209580591), (114, 4.577459420857818), (167, 4.58257569495584), (87, 4.616626351872111), (119, 4.620996817852183), (285, 4.633396925248257)]
[(67, 1.6668034968165863), (315, 1.9274200384970577), (325, 1.9624625290945046), (336, 2.0844665669422477), (324, 2.2044974801301094), (310, 2.2371268334182575), (250, 2.3503961225078633), (335, 2.3545193491453835), (314, 2.405368144900069), (226, 2.471400367807693)]
[(92, 4.251428609126584), (60, 4.696296425684818), (9, 4.979806792868575), (101, 5.147966881060911), (247, 5.147966881060911), (177, 5.197565976214251), (237, 5.20357121944151), (151, 5.204406915951135), (153, 5.212402113047305), (121, 5.216974112097931)]
[(46, 0.38811287468982525), (20, 0.4917119039640997), (48, 0.5454189702421433), (100, 0.5703807813206893), (36, 0.6035746485729832), (102, 0.6163305815063862), (106, 0.7040938605044075), (24, 0.7607883741882495), (301, 0.7702324774378188), (240, 0.7744089691500222)]
[(113, 4.29723646830146), (253, 4.40711925864277), (197, 4.43249069788082), (9, 4.459939044897363), (149, 4.461349005682026), (101, 4.463650789902812), (247, 4.463650789902812), (337, 4.466495061846593), (156, 4.473997298814562), (283, 4.521405683468362)]
[(36, 1.0819431616309612), (54, 1.0877625497322474), (48, 1.0891914639309288), (100, 1.094673707412396), (106, 1.1698237530500055), (240, 1.183624043309361), (301, 1.1879325624377841), (126, 1.1895970426156917), (242, 1.1912689701742423), (311, 1.1970836743101962)]
[(105, 4.807032840859318), (245, 4.960958698517858), (211, 4.971735390716203), (229, 5.003514389906359), (167, 5.102465702971457), (145, 5.134708791645345), (339, 5.135216328958304), (225, 5.16334738808072), (327, 5.184426065004689), (122, 5.217498974796258)]
[(16, 0.47309786376605), (318, 0.5604050363799383), (38, 0.5887492450101316), (340, 0.5988342937741625), (334, 0.6049093025404717), (332, 0.6206110150488791), (346, 0.6569213296887231), (329, 0.672413295228463), (230, 0.6729887345268122), (148, 0.6840487823247696)]
[(229, 3.480148612688832), (339, 3.55846602206625), (177, 3.577350482158549), (237, 3.578790680760751), (167, 3.6209714672170508), (153, 3.6240645348006706), (155, 3.637647734718138), (5, 3.6437354284031103), (151, 3.658034670543733), (159, 3.6671518213321903)]
[(75, 0.6816915252517081), (58, 0.8448520827340134), (89, 0.8533144074724158), (73, 0.9041761956057017), (38, 0.9310850105119296), (16, 0.9675341501983276), (14, 1.0134086005160998), (116, 1.0214419202284581), (69, 1.0821752272159992), (61, 1.1224311355713543)]
[(101, 2.563589784891491), (247, 2.563589784891491), (237, 2.572965660614226), (177, 2.577630753114185), (145, 2.579376515788263), (157, 2.6045159078224116), (151, 2.6193086255536975), (114, 2.651402410725313), (167, 2.6655829728597835), (159, 2.675743393507681)]
[(40, 0.5550757560910043), (71, 0.5986086770169642), (73, 0.6105789374028553), (75, 0.6410370623450723), (216, 0.7321479952851063), (81, 0.8305927807295223), (222, 0.8783262901109133), (60, 1.1224311355713543), (89, 1.2289218004006601), (124, 1.248826208885768)]
[(326, 3.583805043246633), (233, 3.7986046761804517), (122, 3.947151073875941), (276, 3.9684806397285097), (327, 3.9758281628988947), (290, 4.02880857673829), (91, 4.02979322696587), (248, 4.057530974558297), (173, 4.08309525332192), (289, 4.087953707810303)]
[(287, 1.3368012283432416), (292, 1.358922306829938), (160, 1.3681666110894535), (320, 1.3890310690189764), (244, 1.3988975234448018), (343, 1.4052835800648922), (331, 1.4084882662628042), (48, 1.417864298478525), (303, 1.4214613460449776), (242, 1.4273682507678247)]
[(194, 1.5941071627089567), (321, 1.7444921128511877), (14, 1.7489760877725002), (318, 1.7501293521622912), (346, 1.7509534545212788), (16, 1.7554701537764748), (148, 1.758208457976471), (347, 1.7598263743335592), (340, 1.7744902245151983), (334, 1.7770545549869872)]
[(198, 0.6857108674944565), (311, 0.7042935307100301), (126, 0.7323215719204236), (346, 0.7821423383886081), (140, 0.8005074944058925), (321, 0.8087115493178021), (333, 0.8165199014108597), (269, 0.8232126887384572), (347, 0.8241430571205463), (302, 0.8322628731356457)]
[(56, 3.6641377663646875), (74, 3.7574145449364513), (106, 3.8543699093755905), (312, 3.863774685188048), (34, 3.893838767822828), (234, 3.8988347979364297), (345, 3.9225041576651005), (316, 3.9257896113520907), (118, 3.9272739081454455), (240, 3.9466716533301835)]
[(315, 1.3706818319362084), (310, 1.41327394308393), (324, 1.425967670215563), (314, 1.4837038215560407), (335, 1.5097053023355256), (250, 1.6049750278119597), (325, 1.6318683409209211), (52, 1.6668034968165863), (226, 1.682173315327526), (152, 1.7006696672193575)]
[(196, 3.6291418030438), (198, 3.631970950117856), (233, 3.660483129711159), (14, 3.727678004669931), (329, 3.7516227571545624), (345, 3.7654643378207684), (38, 3.7658611739016608), (16, 3.7688465015041404), (50, 3.773652392894714), (146, 3.776843546865557)]
[(73, 0.8521172378845532), (75, 0.8971305936149987), (60, 1.0821752272159992), (89, 1.1361258181205107), (28, 1.2233860188427854), (14, 1.265256342880762), (62, 1.3553342558572037), (58, 1.484408026824161), (71, 1.6292944343794955), (40, 1.7614002076473136)]
[(127, 4.654952941512943), (190, 4.659231555052829), (4, 4.711604200927749), (61, 4.757351425446727), (284, 4.767389183851052), (241, 4.776567677516984), (0, 4.799273457503751), (119, 4.804214461345372), (270, 4.805111578777333), (101, 4.8541219597369)]
[(40, 0.4207704198253485), (222, 0.5682970319296063), (62, 0.5986086770169642), (81, 0.6078262021334716), (73, 0.9211953494237799), (216, 0.9247602026471511), (75, 1.0430057994565516), (42, 1.4376426711112884), (124, 1.5473177977390424), (28, 1.5897576400193836)]
[(114, 1.833079077345001), (157, 1.8682749037815607), (151, 1.8818187513413718), (283, 1.8822740273137704), (130, 1.89393758173283), (155, 1.907593657753139), (153, 1.9117275929378643), (177, 1.9204730226691547), (144, 1.950274218334437), (235, 1.9668715376200856)]
[(75, 0.3111461407441848), (62, 0.6105789374028553), (70, 0.8521172378845532), (60, 0.9041761956057017), (72, 0.9211953494237799), (40, 1.0082820886041763), (89, 1.0460909408364076), (216, 1.1336542238266483), (81, 1.3000549964520731), (28, 1.324398596495783)]
[(67, 3.7574145449364513), (56, 4.170773939978047), (2, 4.250931438002735), (312, 4.284538059161104), (290, 4.286514986139673), (345, 4.295496674355598), (349, 4.314357113105034), (289, 4.3216468590804595), (240, 4.341068915221227), (176, 4.34958337550851)]
[(74, 0.3111461407441848), (62, 0.6410370623450723), (60, 0.6816915252517081), (70, 0.8971305936149987), (89, 0.916406303775787), (40, 1.02675240817833), (216, 1.0276034595601555), (72, 1.0430057994565516), (124, 1.3131397445435882), (81, 1.3178845380760789)]
[(224, 4.670552554816186), (78, 4.69041575982343), (262, 4.700850550740792), (278, 4.715647272496111), (218, 4.7290307994873535), (263, 4.732661078241288), (261, 4.7345065972284806), (264, 4.736795378196108), (260, 4.780601340385957), (220, 4.789735117509109)]
[(72, 1.7847512954190563), (222, 1.9083291161641907), (40, 2.016445960619823), (81, 2.0460420045297214), (28, 2.1657756659220273), (62, 2.1680787908883756), (218, 2.2482414227569065), (74, 2.2512544175858933), (216, 2.3850351214395147), (261, 2.4314806746301727)]
[(233, 4.657921933963685), (77, 4.69041575982343), (285, 4.784720165997172), (220, 4.8092517605028755), (18, 4.839750780246851), (73, 4.856258879919809), (326, 4.867781046780966), (42, 4.884238577014845), (248, 4.89169636885815), (217, 4.898979485566356)]
[(30, 1.4465483904453387), (12, 1.53656478822079), (46, 1.6975675694357502), (20, 1.7146114607105598), (44, 1.7910965538183585), (54, 1.8405058702161208), (32, 1.9069660963950041), (8, 1.9169382240176651), (24, 1.9412686712559906), (102, 1.9554593178585944)]
[(13, 3.747670092871036), (174, 3.8996609484030786), (56, 3.9241349694423104), (64, 3.9950747048084088), (227, 4.0), (303, 4.021310507496281), (348, 4.074709122968166), (230, 4.07977583651357), (212, 4.089954558830696), (328, 4.101990614847869)]
[(222, 0.24410485759197834), (40, 0.35295677724050006), (72, 0.6078262021334716), (216, 0.6441478331873826), (62, 0.8305927807295223), (42, 1.0437599925270176), (260, 1.062245433268602), (277, 1.1772612530360453), (218, 1.229179610919413), (74, 1.3000549964520731)]
[(220, 1.2500456215274705), (235, 1.372234522703754), (130, 1.4934825363893613), (285, 1.5525155200834544), (144, 1.6047759947419453), (283, 1.6493393826317253), (132, 1.7367244358561897), (114, 1.753459728764821), (42, 1.7788875570423217), (142, 1.7833125275452981)]
[(238, 0.6843805768722545), (343, 0.7156629983448913), (258, 0.7296658564027784), (255, 0.752064680463057), (274, 0.7709700669286713), (236, 0.7799923961808858), (273, 0.7983018566933187), (272, 0.8017510040530039), (154, 0.8084888579937265), (290, 0.8098145613657487)]
[(271, 1.3798172772871053), (91, 1.6080173338928905), (344, 1.6110807075997153), (232, 1.7173846940624573), (98, 1.726186679649684), (272, 1.7392029123423178), (257, 1.7577212357765948), (236, 1.7663842244823178), (275, 1.775044074635895), (150, 1.776820519636128)]
[(154, 0.5904281853875204), (238, 0.604432065496198), (244, 0.616474150877391), (258, 0.6180242009824535), (349, 0.6239560101481515), (343, 0.6290779037607346), (341, 0.6387229389179632), (150, 0.7097152785448543), (292, 0.7189447389055712), (286, 0.7237425337784149)]
[(147, 1.7458193625916745), (271, 1.7548339788139502), (168, 1.8116776121043172), (287, 1.917418082943832), (344, 1.947220772254651), (150, 1.969795559417271), (256, 1.9881284727099506), (293, 2.014798443517366), (116, 2.041378332010017), (317, 2.064785949414612)]
[(259, 0.6470324779329086), (246, 0.6489710682303179), (275, 0.6777735016213012), (272, 0.7019758408235999), (276, 0.7541868283787512), (236, 0.7802937086123404), (136, 0.7828500844350724), (255, 0.7873250639983462), (289, 0.8303620391130606), (210, 0.8348574450767029)]
[(265, 1.553493965936141), (283, 1.6430913617933727), (144, 1.6722302804936884), (132, 1.8256892117772947), (159, 1.8625259423159723), (235, 1.8724456415607906), (142, 1.8741749030973605), (153, 1.8860070184652018), (156, 1.890069269074549), (151, 1.8924754486122137)]
[(60, 0.8533144074724158), (76, 0.916406303775787), (74, 1.0460909408364076), (70, 1.1361258181205107), (62, 1.2289218004006601), (168, 1.243175058227923), (58, 1.2955913755115849), (116, 1.316596337379077), (266, 1.3788898492990656), (228, 1.4027986082471)]
[(119, 2.457443287687429), (117, 2.557230469296813), (276, 2.646049518451988), (33, 2.6936545234680707), (122, 2.6978798899135596), (139, 2.7179729790231546), (157, 2.7503523179949148), (270, 2.771349100005266), (130, 2.792604996539969), (289, 2.81006824223185)]
[(294, 1.073582317803344), (246, 1.0785010082980913), (122, 1.083341403390455), (236, 1.1227518793571447), (210, 1.132147550675264), (272, 1.1387117422772104), (275, 1.1394665472930743), (273, 1.1572795301481833), (274, 1.1626875549346867), (88, 1.1763818745203447)]
[(114, 2.245595379092146), (259, 2.2485515261830225), (237, 2.2891220034545996), (157, 2.3256271252503056), (177, 2.347814618192842), (137, 2.350815400940703), (151, 2.384629441464648), (155, 2.4014692644087705), (93, 2.4055696203810024), (153, 2.41644427206588)]
[(246, 0.7384396313172797), (210, 0.8201900577914853), (294, 0.8533341453967489), (272, 0.8740804364587964), (275, 0.9001263594629367), (342, 0.9138324145596938), (255, 0.9164077315802174), (259, 0.9252912351254603), (122, 0.9314950766912299), (236, 0.9361457696320591)]
[(132, 1.9022969997610781), (264, 1.9668903031689389), (262, 2.002513788117325), (95, 2.0141820081114816), (278, 2.052506166324477), (224, 2.090942158716974), (220, 2.1123171750236756), (263, 2.188479073260697), (110, 2.203023803094284), (280, 2.273260689890185)]
[(280, 0.4400316927222402), (264, 0.5879948788042291), (110, 0.5886550952807595), (279, 0.7756223548222421), (278, 0.7840344394221468), (262, 0.9048474880332044), (96, 0.9146168483578246), (112, 1.1862389641214792), (263, 1.2929881237273604), (132, 1.359598933546213)]
[(112, 0.5497109688736437), (279, 0.570089709256359), (280, 0.6324692660517188), (110, 0.7474812061182542), (96, 0.9146168483578246), (134, 0.9245758250138276), (307, 1.1806894543443673), (306, 1.2940086431318765), (295, 1.4379361761218752), (264, 1.4760646439096086)]
[(241, 3.6707834550542477), (145, 3.859471749786491), (190, 4.092325479968571), (99, 4.099879092095279), (157, 4.125004243040243), (5, 4.145402110772851), (159, 4.175264408214168), (237, 4.190140630945458), (155, 4.205668000294365), (142, 4.20901319205583)]
[(257, 0.5199650750771633), (150, 0.5286501317506694), (317, 0.542380326892486), (343, 0.5532076192533867), (258, 0.5777282529009637), (116, 0.5897342933050442), (238, 0.6192578324090863), (286, 0.6497952796073544), (274, 0.6816595256431175), (232, 0.6866288834588887)]
[(4, 3.3767368494450376), (182, 3.5808803721012525), (190, 3.5949987870095312), (6, 3.605994770864206), (0, 3.6581072721695844), (241, 3.7262584301280017), (26, 3.7326173555830766), (200, 3.7395092015798013), (180, 3.744522143184628), (1, 3.752387024228711)]
[(36, 0.2598264965318203), (301, 0.30815450767431585), (126, 0.4457472399241525), (48, 0.4550503950113658), (319, 0.4721778640512492), (240, 0.48240357108960125), (302, 0.4842667050293671), (106, 0.49056748006772727), (242, 0.49134524867958174), (311, 0.5064341714379076)]
[(247, 0.0), (167, 1.0), (237, 1.6332402486774567), (177, 1.6447787806267444), (151, 1.6852552122749835), (159, 1.7200796357436479), (155, 1.7253511118320235), (153, 1.7538576669159902), (142, 1.7987416062625559), (157, 1.8124911800888852)]
[(54, 0.6163305815063862), (101, 0.6697324676316656), (48, 0.6835842119300298), (46, 0.6858523814932773), (106, 0.710803636245623), (20, 0.7191905049428837), (36, 0.7433064752173226), (301, 0.815886414521041), (240, 0.8231509098579677), (118, 0.8506547179672843)]
[(111, 1.7879053008478942), (237, 2.3527039593412513), (190, 2.3559198184148795), (105, 2.3609811204454814), (122, 2.384149004194159), (305, 2.3890485413653697), (270, 2.3931328120478397), (94, 2.3989358153356246), (130, 2.4100887103797652), (114, 2.4257014835300734)]
[(103, 1.1829942728517329), (303, 1.2321934626510562), (301, 1.2877582219500676), (101, 1.2943546545672868), (54, 1.299621563802325), (46, 1.32377833423878), (118, 1.3250518116662457), (106, 1.3378296625878798), (36, 1.3529585438216503), (30, 1.3702804049171833)]
[(237, 1.9326678731225393), (157, 2.0009684216898576), (107, 2.0012596113947834), (114, 2.004903242528177), (177, 2.0765998205480036), (167, 2.089284203525217), (159, 2.1046205574402244), (155, 2.115904292258986), (5, 2.126691694228385), (145, 2.1293817431592674)]
[(36, 0.44245865185348116), (240, 0.4477464296898413), (48, 0.4701729531778705), (242, 0.4790838568559788), (101, 0.49056748006772727), (301, 0.5031137063328727), (302, 0.544342292771745), (348, 0.5678208965862388), (303, 0.6202851566013812), (126, 0.6238565200428701)]
[(106, 2.0012596113947834), (102, 2.62477065262853), (247, 2.62477065262853), (237, 2.6935838842701743), (190, 2.7034485693831867), (104, 2.7073135506438852), (122, 2.708712681570343), (283, 2.7174156241546856), (114, 2.7176164598228354), (157, 2.7336619637402135)]
[(10, 1.5560543847822286), (178, 1.561848507346343), (44, 1.5640789726225461), (200, 1.6616034154093449), (8, 1.7127487575823839), (12, 1.8266976319851078), (32, 1.8659340456457725), (30, 1.9662256580057131), (25, 2.0446921481729228), (6, 2.1226562020496864)]
[(104, 2.559400307884642), (190, 2.683306824386656), (305, 2.717175677794868), (143, 2.810394825767369), (111, 2.8262065969776518), (114, 2.834231136939964), (0, 2.8403439401417567), (108, 2.846733807348344), (210, 2.8543978465168447), (138, 2.86399155597568)]
[(279, 0.37861564719382634), (280, 0.5336723033847643), (96, 0.5886550952807595), (97, 0.7474812061182542), (112, 0.7575403055943624), (264, 0.9858505150883677), (134, 1.0750490619967072), (262, 1.1247310971961253), (278, 1.1746514442165386), (132, 1.1869723864943111)]
[(104, 1.7879053008478942), (106, 2.3234534389782806), (270, 2.4481255042378853), (130, 2.544740479361304), (276, 2.6408893906598965), (246, 2.648132261613834), (94, 2.6562136012188473), (273, 2.656531312331929), (237, 2.679202028571194), (119, 2.6796728514130224)]
[(279, 0.49128982576479235), (134, 0.5356471705329918), (97, 0.5497109688736437), (111, 0.7575403055943624), (280, 0.8876195142063968), (307, 0.9107633671267197), (295, 1.1120311264078897), (281, 1.1179361091314657), (96, 1.1862389641214792), (306, 1.5378266287849225)]
[(283, 1.7297058900865199), (137, 1.7819008820358109), (153, 1.848183848457723), (144, 1.855175348801293), (155, 1.8987875243955021), (159, 1.9164896109293155), (151, 1.931177143039965), (177, 1.954692720276003), (237, 1.9797465789337785), (5, 1.9814290117236097)]
[(157, 0.6972746928578436), (130, 0.7040254223392789), (276, 0.8707785116204924), (210, 0.8720516204904386), (259, 0.89986915365513), (122, 1.0016899547265112), (142, 1.0541509308917771), (305, 1.0631757355207088), (177, 1.071047631807288), (88, 1.0743001300381565)]
[(268, 0.9439281198798986), (143, 0.9515038579532928), (138, 1.0743597057317444), (291, 1.1995692060485716), (275, 1.2011092823302967), (22, 1.2046777007980183), (342, 1.2132265262513837), (273, 1.2411003833695322), (294, 1.2414818128349687), (293, 1.2432210828730343)]
[(317, 0.40979467724703306), (38, 0.5624804106811186), (99, 0.5897342933050442), (286, 0.6174891243576682), (150, 0.6290626664331623), (343, 0.6455458367149461), (16, 0.6783619551537365), (154, 0.7144389352491926), (341, 0.7193666447646847), (258, 0.7354959946185975)]
[(91, 2.557230469296813), (137, 2.667775538608899), (157, 2.704329567563835), (5, 2.74099670694804), (151, 2.7725044253887132), (155, 2.780287145745921), (153, 2.7857973448368423), (177, 2.8042573230179864), (119, 2.834957352430544), (159, 2.838105880688739)]
[(301, 0.4857188612767679), (348, 0.5255614566347118), (240, 0.5492273312572855), (242, 0.5577494324515266), (302, 0.5650029867177695), (101, 0.5688344462143621), (36, 0.5730608321112166), (319, 0.6198978971572657), (303, 0.6222928347651128), (126, 0.6291467266862318)]
[(136, 1.2790391882581236), (122, 1.3242450832833021), (270, 1.3486326386010388), (130, 1.3504655875289826), (157, 1.3983390757251974), (276, 1.4079837155663415), (115, 1.438223693936378), (246, 1.4736361674443255), (342, 1.4752965686261186), (259, 1.5245501940244541)]
[(64, 1.7548085212352942), (204, 1.9342443393739064), (348, 2.006861567921415), (288, 2.0209006894204373), (154, 2.028078506986354), (117, 2.033079431527455), (303, 2.0499849636765632), (244, 2.0514464021514187), (320, 2.0588934820674916), (160, 2.05923589632174)]
[(155, 2.3640731576032072), (177, 2.369978680368243), (137, 2.383823271700316), (159, 2.393500892145228), (151, 2.4105592784040804), (153, 2.4224451871198243), (142, 2.4340889132281096), (5, 2.4770135726313653), (157, 2.4956050302281407), (283, 2.50090843868783)]
[(276, 0.764402831561998), (210, 0.7861474684815821), (246, 0.8472581588866525), (294, 0.8859863169372314), (342, 0.9185642972595877), (273, 0.9249164150343532), (94, 0.9314950766912299), (88, 0.9715619522192087), (130, 0.9981004602243203), (115, 1.0016899547265112)]
[(149, 3.2355081452068704), (102, 3.3662342637433893), (247, 3.3662342637433893), (122, 3.36688208225355), (151, 3.4290255062189314), (153, 3.450916765006076), (283, 3.464821529271024), (144, 3.475495879396205), (142, 3.4825558434718604), (159, 3.4904910200572066)]
[(192, 1.2456731379459058), (62, 1.248826208885768), (76, 1.3131397445435882), (216, 1.3404536859586014), (60, 1.3600897783969998), (74, 1.4079240560484787), (90, 1.4314107052484972), (40, 1.45900079924584), (72, 1.5473177977390424), (228, 1.5546583094686754)]
[(208, 1.8398824377932412), (287, 1.899938258838955), (212, 2.023635613592526), (271, 2.0563542516307836), (87, 2.0845411862565824), (344, 2.1352201362623013), (147, 2.177317030383954), (288, 2.250406277053101), (168, 2.264083028645372), (256, 2.318808283580167)]
[(311, 0.2258148367579066), (128, 0.2372539976480902), (140, 0.26858394348880943), (319, 0.27096442275693683), (302, 0.2746888324996122), (269, 0.3263464913247881), (333, 0.33780315673480615), (301, 0.359111807519608), (242, 0.4146593518781411), (347, 0.426428437724315)]
[(102, 2.7619425931217325), (247, 2.7619425931217325), (177, 2.841687091588375), (137, 2.881441436087154), (115, 2.8829224402158307), (157, 2.8885045200587793), (237, 2.8990049599129692), (151, 2.921415817441947), (167, 2.9374013834850694), (159, 2.94663143351862)]
[(319, 0.0999649758665504), (333, 0.16931995718166243), (140, 0.18367406975400744), (302, 0.2284837987691906), (127, 0.2372539976480902), (269, 0.24843579291237405), (146, 0.27558580170248254), (230, 0.30028765509091443), (148, 0.30963490081061595), (332, 0.31512376330578434)]
[(243, 1.6782845067508667), (136, 1.8144345669381414), (294, 1.8569726020057482), (275, 1.8910378201136009), (236, 1.8960598145891918), (143, 1.9046861297074644), (304, 1.9063381692396548), (272, 1.907059134190652), (305, 1.9382776080840434), (94, 1.954931391558282)]
[(285, 0.6957423080422808), (115, 0.7040254223392789), (276, 0.7958242925420158), (259, 0.8500369503733352), (157, 0.9318409946981299), (210, 0.9609314499484342), (88, 0.9796520591005767), (123, 0.9981004602243203), (142, 1.0868979790210305), (289, 1.1009461680300268)]
[(133, 2.6035699566556687), (130, 3.192215602336408), (92, 3.274053803849289), (233, 3.3148877509351657), (274, 3.3923880882499278), (294, 3.3940427192950886), (238, 3.4076311457961523), (196, 3.45481212371961), (257, 3.48480461852598), (123, 3.49550350885248)]
[(111, 1.1869723864943111), (265, 1.2242973832366055), (220, 1.236805477025389), (262, 1.3221938584413406), (96, 1.359598933546213), (264, 1.4105640517892124), (279, 1.4402726843205769), (280, 1.540473919707828), (235, 1.5437700042428601), (278, 1.5681115905126142)]
[(130, 2.5887548632885267), (132, 2.6035699566556687), (123, 2.877864848251217), (92, 2.929698471873855), (243, 2.982276546063426), (238, 3.0453664942991674), (136, 3.0555941184817073), (236, 3.0637846112447265), (294, 3.0657254586802125), (274, 3.0920928262424465)]
[(113, 0.5356471705329918), (307, 0.6968197246060132), (295, 0.7647041671130087), (281, 0.7731802760029514), (279, 0.8608275188445128), (97, 0.9245758250138276), (111, 1.0750490619967072), (280, 1.2791340344545603), (296, 1.4121996501557421), (265, 1.46377279985659)]
[(337, 3.572883792722623), (339, 3.621505916162501), (156, 3.6535755279999345), (253, 3.657133487733254), (137, 3.695561828802219), (145, 3.718809267305867), (251, 3.7375819097111433), (159, 3.7541066164535075), (5, 3.7595171556464537), (155, 3.766467653664373)]
[(272, 0.7369225006742568), (88, 0.7828500844350724), (275, 0.8017813400173391), (246, 0.8173151062472784), (236, 0.8869756934662866), (255, 0.8955565728082175), (259, 0.8959655757896058), (342, 0.9444364560413793), (294, 0.9780526263448199), (289, 0.9916668941232232)]
[(155, 0.6293888740675355), (159, 0.6547491075213466), (153, 0.6596633795353507), (5, 0.6999996897856455), (151, 0.7066518419985899), (237, 0.9331203674767795), (177, 0.9384923000749659), (157, 0.9521763346145502), (283, 1.0195197155523772), (142, 1.028916620917361)]
[(116, 1.0743597057317444), (143, 1.1094229187284712), (291, 1.1842660010318626), (268, 1.1863830727045965), (290, 1.263123226332253), (273, 1.2688704274668867), (2, 1.2713275356492522), (275, 1.2837906552082392), (274, 1.3055552495394438), (236, 1.348740508029621)]
[(47, 2.6191687302272073), (91, 2.7179729790231546), (118, 2.8657565747285654), (73, 3.671286627178543), (197, 3.7829898030922577), (106, 3.8621379731697836), (157, 3.8709271778477055), (5, 3.8714549178441944), (138, 3.8717596175124305), (153, 3.8831141568462804)]
[(129, 0.18367406975400744), (333, 0.1939719660157106), (302, 0.21674424836659448), (319, 0.2271520343294332), (269, 0.23344913043316307), (347, 0.2515106729345695), (328, 0.26213521739743395), (127, 0.26858394348880943), (346, 0.2717885525551067), (332, 0.2798657140487202)]
[(46, 1.8404853944272417), (54, 1.8488957435723627), (30, 1.8666914530794851), (103, 1.8976880858297023), (20, 1.8989867760729668), (291, 1.89975556446086), (12, 1.904498089865149), (107, 1.9469827337703844), (32, 1.9879027811993224), (48, 2.0028989868937472)]
[(159, 0.4666777123454687), (151, 0.4699850627413599), (155, 0.4703989217674717), (153, 0.5462367057421169), (177, 0.5852463436024185), (5, 0.5994046660645879), (157, 0.6539625570321286), (144, 0.7009313050506447), (237, 0.7027316022493937), (283, 0.7334697605218636)]
[(294, 0.6621965686259632), (268, 0.6639826258269111), (293, 0.7645667887110976), (342, 0.7713393116521418), (275, 0.8410846825379714), (236, 0.8517474157283955), (272, 0.8533439832798964), (291, 0.8731280343683853), (290, 0.8981834710681331), (246, 0.9165779625869258)]
[(283, 0.34698410943442354), (143, 0.7009313050506447), (159, 0.7040391244810191), (151, 0.747875520390927), (153, 0.7497887801907949), (155, 0.768021770264359), (177, 0.9179387132592243), (237, 0.9314216863483477), (157, 0.9505098278292552), (5, 0.956143826367142)]
[(138, 1.3709370883815204), (5, 1.3953903005969335), (159, 1.4484861332784653), (157, 1.473197594655924), (155, 1.4834125215529226), (151, 1.534026810554496), (153, 1.5554532589570154), (237, 1.587733631595678), (143, 1.6106580925509921), (283, 1.6265614311485441)]
[(230, 0.20806210971726688), (333, 0.23933884181218892), (129, 0.27558580170248254), (340, 0.2781482376359771), (347, 0.2983663643911626), (319, 0.302093731646322), (332, 0.31068365084117316), (269, 0.3168461631454609), (328, 0.32058500339223606), (334, 0.32694799372377253)]
[(87, 1.7458193625916745), (168, 2.015150498846178), (174, 2.0267924892795515), (58, 2.0831296220110738), (60, 2.1593152473874677), (126, 2.177317030383954), (287, 2.1926844434619404), (14, 2.238488539394383), (148, 2.2699399738539343), (318, 2.283180316597881)]
[(340, 0.21409388828268786), (332, 0.21487105342507176), (230, 0.2385258593947415), (333, 0.23925888719125987), (328, 0.2570547056562085), (334, 0.282061141066968), (129, 0.30963490081061595), (347, 0.30966663058844424), (321, 0.31220917491323025), (346, 0.31266915325947975)]
[(283, 1.620723576616321), (145, 1.6264753803854517), (151, 1.6310772726636835), (159, 1.657949510509895), (153, 1.7124221930061523), (155, 1.7302728891131596), (5, 1.750530288598286), (143, 1.7580584664339238), (138, 1.763921329254794), (237, 1.781176561658052)]
[(317, 0.4761174361436473), (99, 0.5286501317506694), (257, 0.5342322821582387), (255, 0.5793146176301787), (258, 0.5939299140471037), (232, 0.5956627933655081), (343, 0.5984692342969689), (272, 0.6118949459670344), (117, 0.6290626664331623), (154, 0.6330927370456876)]
[(155, 0.26640871494754065), (159, 0.28485670432692994), (153, 0.2935756636712246), (143, 0.4699850627413599), (5, 0.5010315222618233), (177, 0.5289296283060726), (237, 0.5897968036535973), (157, 0.6222159069004906), (138, 0.7066518419985899), (283, 0.712752449311821)]
[(323, 0.3034227949577949), (335, 0.41838670210703394), (314, 0.5493999356570766), (226, 0.6024348919177905), (324, 0.6394840567989167), (313, 0.6499482083212478), (282, 0.7354385565089717), (300, 0.754749288307051), (250, 0.778956087786725), (308, 0.8058892010071856)]
[(159, 0.268910506488683), (155, 0.2701756878403384), (152, 0.2935756636712246), (5, 0.48104135414743704), (143, 0.5462367057421169), (177, 0.5818634454921533), (237, 0.6477323477332284), (138, 0.6596633795353507), (283, 0.6781153243365026), (145, 0.7497887801907949)]
[(343, 0.3316641884497028), (341, 0.3583585553604099), (244, 0.37189517662911414), (258, 0.3802870556566447), (331, 0.38431613978598395), (286, 0.3901454271166073), (160, 0.42798778510607044), (330, 0.43384627358086175), (349, 0.43828787286439946), (238, 0.5050667079703434)]
[(159, 0.19553448084672945), (152, 0.26640871494754065), (154, 0.2701756878403384), (5, 0.39456250062569304), (143, 0.4703989217674717), (177, 0.49760181661645886), (237, 0.5920582726387665), (138, 0.6293888740675355), (157, 0.658568731568695), (283, 0.7261323346332952)]
[(313, 1.188281515508846), (283, 1.2876011120296535), (248, 1.325652979289829), (145, 1.3395229832668047), (282, 1.3471160983374815), (323, 1.4140832423517364), (153, 1.47712607843745), (265, 1.5124961466727775), (300, 1.5473937560944206), (298, 1.5569407200661176)]
[(152, 0.6222159069004906), (143, 0.6539625570321286), (156, 0.658568731568695), (159, 0.6791067235714869), (115, 0.6972746928578436), (5, 0.7510914032925686), (154, 0.7619145671924116), (177, 0.7794137614258554), (237, 0.8188166479743803), (131, 0.9318409946981299)]
[(162, 0.7734559018457355), (338, 0.8029773012358443), (214, 0.8881664015262005), (184, 1.04224545679029), (254, 1.0992914954187536), (327, 1.1420047541056912), (164, 1.241119293984265), (166, 1.7807373071006292), (252, 1.8070885315058585), (326, 1.9300955720637254)]
[(156, 0.19553448084672945), (154, 0.268910506488683), (152, 0.28485670432692994), (5, 0.44017702791036245), (143, 0.4666777123454687), (177, 0.5089587886067004), (237, 0.5502174888169222), (283, 0.6454951538160455), (138, 0.6547491075213466), (158, 0.6791067235714869)]
[(244, 0.32677877103630826), (331, 0.37860953250017354), (155, 0.42798778510607044), (286, 0.4491124606376447), (320, 0.45434771244059324), (349, 0.46562795244701544), (348, 0.4764231414404636), (343, 0.4770459295497656), (318, 0.5074564023637892), (242, 0.5247573378238745)]
[(344, 4.982745678519023), (128, 5.1266662547604955), (140, 5.166715499454175), (73, 5.2011027973690345), (83, 5.334936665228557), (9, 5.383936847215057), (266, 5.419467522146433), (90, 5.4348461134700035), (47, 5.453407998132912), (259, 5.466162613470258)]
[(214, 0.48972298792276436), (338, 0.5057196942971472), (184, 0.5861101668628518), (254, 0.6784013357887791), (159, 0.7734559018457355), (164, 0.8466170597147213), (327, 1.3762709708847307), (252, 1.427946539755603), (166, 1.514191689582267), (326, 1.7453824379774194)]
[(76, 3.481232017820703), (72, 3.503514776535129), (40, 3.503846342635476), (216, 3.5052598418376917), (62, 3.50603038546445), (74, 3.5089764124884053), (28, 3.5315841626103155), (82, 3.536868279792167), (222, 3.549232933113858), (60, 3.6576310577066136)]
[(254, 0.6990765287148467), (184, 0.7255385749221057), (214, 0.834371970825962), (163, 0.8466170597147213), (338, 0.8717231495147986), (159, 1.241119293984265), (252, 1.5581238462330265), (166, 1.6205122454335232), (327, 1.6616261880760061), (326, 1.9877982688894766)]
[(211, 4.480290899629175), (73, 4.484909453801715), (102, 4.493484867004673), (247, 4.493484867004673), (177, 4.554259653028141), (138, 4.584916138851397), (156, 4.589193851767432), (173, 4.601843462233369), (5, 4.603106868301017), (167, 4.603412457080074)]
[(338, 1.338841340637493), (163, 1.514191689582267), (165, 1.6205122454335232), (254, 1.6299052360183397), (214, 1.6637400292413476), (184, 1.6761038484831423), (159, 1.7807373071006292), (327, 2.3156763664856106), (252, 2.3941284518588386), (326, 2.521383967348091)]
[(102, 1.0), (229, 1.0), (247, 1.0), (237, 1.3289069605882875), (152, 1.3626610475463075), (177, 1.3868082914375728), (156, 1.39479620701377), (160, 1.4075631258668295), (154, 1.4288235425692006), (5, 1.4905151260554188)]
[(117, 1.0581310272362303), (38, 1.0852649410167086), (58, 1.118265785982921), (151, 1.127871554167406), (16, 1.1283020638995571), (288, 1.142871508875779), (286, 1.1636082051532637), (60, 1.1715897909251343), (271, 1.1996640555588884), (99, 1.200216968426959)]
[(150, 4.466427530331148), (102, 4.47213595499958), (223, 4.47213595499958), (247, 4.47213595499958), (168, 4.58257569495584), (190, 4.598678471430678), (124, 4.603932353803648), (1, 4.611063119932322), (138, 4.698554272358679), (177, 4.758951274934427)]
[(202, 0.6450409800159986), (244, 0.6622659878779825), (242, 0.6652340530219419), (320, 0.6715538951565988), (331, 0.690222397926929), (302, 0.6910995834899627), (141, 0.6947525902794461), (240, 0.7270365822295326), (349, 0.7311669100827799), (161, 0.7350370942340256)]
[(102, 3.092329219213245), (247, 3.092329219213245), (168, 3.25), (89, 3.309010664065621), (237, 3.44391255839924), (152, 3.519748589104057), (177, 3.5543181114244686), (160, 3.5551334649067674), (154, 3.5591047632515678), (143, 3.57695769699615)]
[(311, 0.7938903258637179), (127, 0.8823863206101963), (141, 0.9626477656443191), (198, 0.9635575994718738), (196, 0.9713415410657571), (129, 0.987296383159586), (319, 0.9963803986430083), (269, 0.9973536536254329), (333, 1.0175742900152303), (202, 1.022897696888599)]
[(283, 1.8659179194702), (143, 1.9211644386673412), (177, 1.9217504281513769), (152, 1.9516700058155323), (237, 1.9594639136763912), (160, 1.9615236682232513), (154, 1.9785073818158982), (145, 1.9857473052228976), (158, 2.0086155403162644), (115, 2.0296303380418808)]
[(334, 0.8979513168318203), (58, 0.9011429317816347), (332, 0.9320127692794772), (340, 0.9591071269154453), (14, 0.9708853442090885), (230, 0.9746342981344336), (149, 0.986245345895229), (321, 0.9888256973804838), (318, 0.9932698307610073), (333, 0.9989788870641864)]
[(207, 3.2596927054248535), (9, 3.273180071062391), (5, 3.3024875967972993), (156, 3.306523858782816), (154, 3.3422132029539946), (152, 3.350753324686854), (177, 3.3514374619258525), (143, 3.355604130331824), (237, 3.3742352598033234), (160, 3.3806175391043567)]
[(349, 0.6111218147799994), (286, 0.6151320572852629), (345, 0.6317364201152249), (331, 0.6506641197269141), (202, 0.6709026582150349), (318, 0.7463539338008475), (330, 0.7522989383881914), (16, 0.7574707660365514), (155, 0.7633013851684012), (343, 0.7679817071389136)]
[(156, 0.49760181661645886), (160, 0.5089587886067004), (152, 0.5289296283060726), (154, 0.5818634454921533), (143, 0.5852463436024185), (237, 0.6090581956594951), (5, 0.6467260070539919), (158, 0.7794137614258554), (283, 0.8552484121587131), (145, 0.9179387132592243)]
[(10, 0.3839881887506437), (200, 0.640621147168902), (44, 0.711124989927931), (8, 0.7718587212048588), (32, 1.0660807241480355), (6, 1.1346130527188554), (12, 1.2435811660683833), (180, 1.430553434549021), (0, 1.4324962412516131), (182, 1.4957804822900986)]
[(114, 3.098762961102382), (47, 3.149610208374998), (276, 3.221813437475857), (94, 3.307615704234698), (259, 3.3234277299649526), (289, 3.3637894958216394), (246, 3.372856088954878), (158, 3.383051440977509), (88, 3.3952970783717884), (138, 3.396672723872584)]
[(182, 0.8940669313312063), (0, 0.9040310658932026), (32, 1.1109564318640042), (200, 1.2453052315396413), (4, 1.2694126662358463), (6, 1.2851972775803722), (144, 1.3309063631600837), (8, 1.3956444226234703), (179, 1.430553434549021), (116, 1.4569557119555832)]
[(150, 3.9348284439985433), (134, 4.1982490148632206), (49, 4.217331201565749), (102, 4.242640687119285), (247, 4.242640687119285), (168, 4.358898943540674), (239, 4.4004051214177995), (146, 4.420963907905152), (243, 4.422972077144507), (120, 4.453772736748026)]
[(6, 0.7795736618177912), (181, 0.8940669313312063), (200, 1.1116929106547366), (4, 1.2242416387707127), (0, 1.2871881165548416), (179, 1.4957804822900986), (32, 1.5096718920348222), (10, 1.529974273541879), (8, 1.654409550111459), (44, 1.7783882548813688)]
[(104, 4.24198407169334), (239, 4.295053004899939), (322, 4.296549647542782), (342, 4.35520424119237), (137, 4.356931222133304), (266, 4.379634715464293), (259, 4.38504924690704), (94, 4.391323852848933), (305, 4.3931059944986535), (206, 4.409269555788124)]
[(254, 0.24329452131110552), (214, 0.2853856117606492), (163, 0.5861101668628518), (338, 0.604510730673989), (165, 0.7255385749221057), (252, 1.001624143329223), (159, 1.04224545679029), (327, 1.3210676023580321), (326, 1.625067357219386), (167, 1.6761038484831423)]
[(285, 4.616059690569437), (106, 4.648549072893606), (131, 4.658978096889918), (158, 4.755969331051242), (88, 4.771599194483962), (276, 4.778048134301286), (115, 4.785937186131886), (257, 4.794693829776829), (229, 4.795831523312719), (289, 4.8075806363076214)]
[(309, 1.9751942365499147), (310, 2.1483668468164367), (299, 2.153781798813427), (314, 2.239360535376115), (300, 2.329874422817676), (335, 2.4144209581595333), (308, 2.4310768972617876), (153, 2.444081091064697), (324, 2.463362321705843), (298, 2.5156609233161773)]
[(229, 4.69041575982343), (168, 4.795831523312719), (138, 4.8955911032581145), (253, 4.916052328230447), (237, 4.929798546583825), (337, 4.9353383753396285), (5, 4.952952184404772), (154, 4.9556812564772565), (160, 4.993891664153318), (152, 5.006909738601246)]
[(70, 1.8516161509881035), (76, 2.1247468286833606), (28, 2.143491572994865), (74, 2.1525664656637202), (90, 2.204861231188938), (60, 2.2982033079777775), (14, 2.373172593976258), (62, 2.3827069649665273), (72, 2.5026508323176047), (58, 2.5248258917596673)]
[(102, 3.1622776601683795), (247, 3.1622776601683795), (168, 3.3166247903554), (237, 3.4164855787636514), (158, 3.5648961103936823), (152, 3.5661162530826163), (5, 3.568298661967633), (156, 3.5991632998656784), (146, 3.6031128035352986), (178, 3.60557308027448)]
[(143, 1.2141054429908467), (158, 1.2394959751850751), (115, 1.2999233735109157), (178, 1.4079580223856107), (160, 1.4111486063133112), (237, 1.4325454007116145), (156, 1.4351833466494794), (152, 1.4384750794852164), (5, 1.4431363646585864), (145, 1.4791849794734937)]
[(237, 2.4346064743403604), (152, 2.44396580849651), (160, 2.4570155238215325), (154, 2.4651653015974406), (89, 2.4752678668984496), (143, 2.4826397849265205), (158, 2.4845651126706256), (5, 2.494321623608311), (138, 2.5098109113437213), (156, 2.5104578356746003)]
[(216, 1.1113000696481579), (117, 1.1741324697409574), (267, 1.179419199224771), (99, 1.23258617808249), (125, 1.2456731379459058), (317, 1.2480267691039322), (60, 1.2522367911461476), (257, 1.2539093956502598), (285, 1.2920809777641649), (273, 1.3190394904626626)]
[(140, 3.8982296666435654), (118, 4.307670977837096), (197, 4.5674603515739465), (73, 4.650976740922276), (47, 4.761805934947371), (178, 4.862824264437283), (229, 4.875016554228304), (91, 4.893309807298125), (9, 4.922084163461652), (5, 4.95515250826854)]
[(303, 0.8110509739837565), (161, 0.8372654575461714), (320, 0.8407631071829924), (331, 0.847837496634821), (347, 0.8718833416231785), (302, 0.882098759776931), (318, 0.9030681144299137), (346, 0.9096937076291117), (244, 0.9157239767528205), (286, 0.9167268155235779)]
[(148, 3.1860869189493246), (87, 3.4962740911576144), (90, 3.502938734420001), (169, 3.5453725780656677), (39, 3.5831549860423286), (76, 3.607854017542839), (70, 3.6177191474878203), (60, 3.6278621913325213), (74, 3.658303666099904), (266, 3.6981002857683567)]
[(198, 0.906619510654828), (301, 0.9391801464575368), (321, 0.9428538083393415), (269, 0.9442217824219052), (347, 0.9503869835493328), (311, 0.9584907324017274), (141, 0.9616284774797386), (127, 0.9622841666576459), (346, 0.963652302129767), (328, 0.964522499633886)]
[(178, 3.1309772414695067), (237, 3.1333762972710444), (160, 3.155971899573885), (5, 3.1585487816084146), (283, 3.1646730849963007), (143, 3.202075645655486), (154, 3.211718645087082), (152, 3.2258519493460955), (156, 3.239949753391247), (174, 3.2509619311366906)]
[(66, 0.6857108674944565), (345, 0.702780516733354), (311, 0.71308753558031), (346, 0.7277276450018921), (127, 0.7286506380289528), (328, 0.7356385717184765), (347, 0.7386074152078356), (141, 0.7466628054215637), (349, 0.7647912318404285), (202, 0.7739519525138496)]
[(289, 3.428345311458576), (94, 3.459722459287739), (304, 3.5198979654671807), (130, 3.539504754425398), (137, 3.5453481394215722), (232, 3.5514474285564184), (322, 3.563085338930293), (284, 3.569008914292594), (99, 3.5768630138432753), (84, 3.5819009331080056)]
[(179, 0.640621147168902), (10, 0.6719781443618534), (6, 0.8236918435920074), (8, 0.8795724059450706), (44, 0.9689043882138216), (32, 1.010295597040787), (183, 1.1116929106547366), (181, 1.2453052315396413), (0, 1.2461714283356042), (12, 1.370638855862477)]
[(237, 4.072047115383122), (178, 4.073236211809966), (156, 4.103113995382044), (160, 4.124056977455574), (154, 4.133540578704895), (339, 4.141579830837503), (191, 4.146341481788493), (143, 4.15512074025533), (5, 4.157941478784905), (138, 4.185713350230759)]
[(346, 0.32906930440258325), (347, 0.33285966141904305), (141, 0.40357883517350124), (320, 0.4052146001811879), (328, 0.42503893092280387), (321, 0.4311583458545131), (269, 0.45190997698656754), (318, 0.45250849925719616), (302, 0.45307691620739193), (332, 0.4556443974197423)]
[(339, 4.435055720642075), (337, 4.546912675552501), (241, 4.559867873952051), (253, 4.568400211660532), (154, 4.655495190181169), (156, 4.692215517119819), (138, 4.698918066991592), (160, 4.69925275477921), (159, 4.713247946978813), (178, 4.713766380210203)]
[(320, 0.4193736077771228), (321, 0.4576431117147946), (347, 0.46065138022152935), (328, 0.4732384097893999), (149, 0.4740650647326799), (346, 0.47610220730427205), (302, 0.49111560482232697), (230, 0.4950067300552589), (333, 0.5042471170963697), (141, 0.508273397198791)]
[(207, 4.7928192546454325), (253, 4.81480346246864), (138, 4.839448929310032), (337, 4.87431660978234), (9, 4.9037358017026165), (154, 4.910723904201904), (156, 4.947484533982901), (160, 4.957518563132164), (5, 4.974910550361685), (114, 4.981899070535251)]
[(317, 0.6434008357936754), (151, 0.7723298847642761), (117, 0.8360485812439371), (155, 0.8644153485448994), (272, 0.8651977291925818), (255, 0.8698769577934572), (236, 0.8706575513943471), (343, 0.8852368339037864), (341, 0.8989203174920456), (232, 0.9042343728812792)]
[(283, 2.02810704858003), (154, 2.044389170926123), (152, 2.083400314845901), (178, 2.090173320468903), (156, 2.1008223573400966), (160, 2.1030434088006844), (145, 2.1221301851912853), (143, 2.1439323121544676), (5, 2.214235964390426), (158, 2.219673960450048)]
[(287, 1.3482659195796651), (212, 1.478680202444058), (175, 1.5149642437034614), (288, 1.6166266276725743), (141, 1.6234712311279187), (320, 1.6236216421629759), (331, 1.6316310340882831), (177, 1.6319055058121472), (318, 1.6365896649435374), (149, 1.63772192041262)]
[(229, 4.153311931459037), (168, 4.272001872658765), (211, 4.336357520465764), (137, 4.3715790544950694), (237, 4.416854504044706), (178, 4.445557022151443), (152, 4.445902060380997), (130, 4.450900347862216), (115, 4.453752883759941), (160, 4.506530145610922)]
[(276, 0.6322772476532744), (123, 0.7861474684815821), (246, 0.8068681143780563), (259, 0.8104498076377094), (342, 0.8150908822947291), (94, 0.8201900577914853), (88, 0.8348574450767029), (294, 0.8647351454636271), (115, 0.8720516204904386), (273, 0.9028859224730442)]
[(237, 2.747233987813925), (253, 2.75954141193786), (229, 2.8122618201902894), (168, 2.817991580061942), (152, 2.8220462053977777), (154, 2.8248097162994887), (160, 2.825674918068248), (178, 2.8391603903090785), (337, 2.8407255414770365), (156, 2.862325914042634)]
[(287, 1.310897344340891), (288, 1.44146197806255), (205, 1.4642702369098406), (209, 1.478680202444058), (171, 1.4882565388063982), (320, 1.5035554277112633), (149, 1.5068053277381255), (331, 1.5129058703369485), (242, 1.5168338366479037), (333, 1.5198037847038017)]
[(233, 3.366252626125971), (175, 3.5190674208517225), (209, 3.6696919758475643), (14, 3.749212358149376), (66, 3.792856250228843), (197, 3.8114039705336937), (60, 3.901190084999705), (148, 3.9248697246023334), (85, 3.9663704337593075), (199, 3.968469854049543)]
[(185, 0.2853856117606492), (254, 0.45262389696082106), (163, 0.48972298792276436), (338, 0.5724625862883966), (165, 0.834371970825962), (159, 0.8881664015262005), (252, 1.0672112490505337), (327, 1.3020728597893436), (167, 1.6637400292413476), (326, 1.6784950824175804)]
[(35, 3.4749899385178082), (34, 3.4837893395410697), (90, 3.9504724118894945), (119, 4.046197216164828), (147, 4.051278462103043), (334, 4.054805297138199), (195, 4.0569718475113925), (149, 4.059028789057796), (340, 4.062792372174586), (14, 4.06462216036128)]
[(40, 0.5978806805709648), (82, 0.6441478331873826), (62, 0.7321479952851063), (222, 0.8000976937224605), (72, 0.9247602026471511), (42, 0.9474183262952012), (76, 1.0276034595601555), (193, 1.1113000696481579), (74, 1.1336542238266483), (260, 1.2553190886384225)]
[(120, 3.805368785098233), (104, 3.916366806722782), (285, 3.987606684077556), (229, 4.0), (131, 4.045681266152835), (168, 4.123105625617661), (273, 4.134358404081581), (220, 4.135434982671109), (137, 4.146568874346597), (276, 4.147124783955747)]
[(261, 0.3567758188274536), (277, 0.6200334099062726), (260, 0.7057832172841743), (224, 0.8547831272316974), (222, 1.1574601645845097), (263, 1.1878485094489113), (82, 1.229179610919413), (262, 1.3746748841453387), (278, 1.4768599238587254), (40, 1.4981135879164835)]
[(47, 4.35350649409186), (140, 4.430359923561516), (110, 4.9902212705249855), (128, 5.057796643569214), (253, 5.097325817906876), (337, 5.1606089639789605), (198, 5.170635454371155), (108, 5.329442839443913), (118, 5.339927452831171), (241, 5.361027772535785)]
[(260, 1.0324191751415701), (262, 1.0979221146784501), (224, 1.0979357597783215), (277, 1.1443943050365113), (235, 1.1513380574792096), (133, 1.236805477025389), (83, 1.2500456215274705), (261, 1.405659224954612), (264, 1.436682737280573), (278, 1.4655379800264474)]
[(50, 3.8158501519844825), (105, 3.8363644403132504), (195, 3.886486918992524), (284, 3.990454188472786), (292, 3.999393311541139), (107, 4.051574719883616), (139, 4.0596789451260795), (205, 4.072664192000121), (240, 4.085939222100594), (101, 4.086221673318764)]
[(82, 0.24410485759197834), (40, 0.42010923020090857), (72, 0.5682970319296063), (217, 0.8000976937224605), (62, 0.8783262901109133), (260, 1.1029933513852204), (219, 1.1574601645845097), (42, 1.1826363047446162), (277, 1.1863541936538176), (261, 1.2645994420764228)]
[(102, 2.8284271247461903), (247, 2.8284271247461903), (168, 3.0), (145, 3.1304647258035034), (237, 3.1352884572077255), (115, 3.162918707396698), (191, 3.1805697105392925), (178, 3.200087067128018), (283, 3.2019709109078427), (211, 3.2187315983473987)]
[(262, 0.6138033594727224), (263, 0.6958781035497524), (261, 0.7142524029361049), (278, 0.7397189492638404), (277, 0.7549505722893387), (219, 0.8547831272316974), (264, 0.8622953202934596), (260, 0.8663116148361397), (221, 1.0979357597783215), (96, 1.4197355752040588)]
[(229, 3.4641016151377544), (339, 3.4991399650771333), (168, 3.605551275463989), (159, 3.616317700327227), (145, 3.6683033407148873), (283, 3.763516668529582), (338, 3.8067541771961055), (237, 3.811757299448642), (163, 3.821445799641806), (235, 3.8260156765361013)]
[(250, 0.2847355121863095), (335, 0.41473922059530366), (324, 0.41718898055917053), (323, 0.577434760384236), (153, 0.6024348919177905), (314, 0.8054643466349083), (315, 0.8752598568425265), (313, 1.0178575861582995), (282, 1.036868846093854), (325, 1.1552015602915364)]
[(126, 3.4894667463525137), (148, 3.6631574297455463), (287, 3.7810426749905903), (64, 3.8581422857380465), (87, 3.9115182500532963), (56, 3.916344629677016), (175, 3.9297118867036547), (344, 3.941846584635176), (213, 3.9477700405798712), (209, 3.94903015911502)]
[(217, 1.3150345851725727), (76, 1.3276018975958117), (62, 1.358056404351454), (60, 1.3786378529185972), (90, 1.4027986082471), (74, 1.45352320524992), (266, 1.4947330575724884), (267, 1.5118461584103062), (40, 1.5174663254253784), (193, 1.5182541555352318)]
[(168, 1.0), (237, 1.6924874327155284), (152, 1.6951711213030973), (156, 1.7070666240952637), (160, 1.7331456814993942), (154, 1.7340867094237244), (5, 1.7427493626451283), (178, 1.7723366602313455), (158, 1.797276906294631), (143, 1.7992752335593352)]
[(340, 0.16506793571133066), (332, 0.1876869153670548), (333, 0.1913878081278951), (147, 0.20806210971726688), (347, 0.21334094567147674), (328, 0.21641102906275367), (334, 0.2193209299177805), (346, 0.23550331292786522), (149, 0.2385258593947415), (321, 0.28422262172459106)]
[(239, 3.6921464262133483), (102, 4.0), (247, 4.0), (91, 4.091908191614274), (168, 4.123105625617661), (138, 4.287942659399727), (118, 4.288653075442219), (140, 4.303334643308606), (156, 4.32897406542243), (5, 4.340123885443825)]
[(255, 0.5679515655405837), (151, 0.5956627933655081), (317, 0.6434694595705378), (272, 0.6529186218051987), (99, 0.6866288834588887), (236, 0.7008512912879593), (275, 0.7389603249836896), (246, 0.7594527186072877), (257, 0.7790849241899114), (258, 0.7913042495778726)]
[(199, 1.6358793223829196), (66, 1.6548503837507487), (177, 1.6745007556283753), (197, 1.7573137370145377), (238, 1.7601917283352968), (257, 1.8112752441304998), (345, 1.8215250946665547), (99, 1.8357712503196035), (286, 1.8521909501182645), (349, 1.865843883045953)]
[(119, 1.3863536842379003), (107, 1.4708720966487876), (240, 1.481973686743459), (291, 1.4934150378243818), (103, 1.5567500714629818), (242, 1.559423311868846), (105, 1.570048310594295), (48, 1.577239841622066), (36, 1.5790588042565106), (301, 1.5795312726881985)]
[(145, 1.0562914060996615), (283, 1.0884633893705382), (221, 1.1513380574792096), (143, 1.2167120172826436), (160, 1.2728746565157152), (152, 1.2897430471997124), (131, 1.2915226425425146), (154, 1.2948287606861377), (156, 1.309621110779755), (83, 1.372234522703754)]
self method result: 236: g  sklearn: b
[(275, 0.4251760936365073), (272, 0.4545054208697626), (255, 0.48560026369432713), (274, 0.5529918576254084), (246, 0.5902935246976712), (238, 0.5929521360953175), (294, 0.6362687256969338), (151, 0.6686820595021225), (233, 0.7008512912879593), (257, 0.7206876161000687)]
[(160, 0.5502174888169222), (152, 0.5897968036535973), (156, 0.5920582726387665), (178, 0.6090581956594951), (154, 0.6477323477332284), (5, 0.6641998826407605), (143, 0.7027316022493937), (158, 0.8188166479743803), (283, 0.8721500930459161), (145, 0.9314216863483477)]
[(274, 0.44904963834747713), (258, 0.45126740963645934), (343, 0.4905964219192799), (155, 0.5050667079703434), (237, 0.5929521360953175), (86, 0.604432065496198), (349, 0.6061584583258737), (99, 0.6192578324090863), (257, 0.6210271606781784), (244, 0.6513769204538952)]
[(178, 1.9972925250448417), (152, 2.0009670476297203), (156, 2.009913295567747), (138, 2.01658645782917), (160, 2.0180034721724343), (5, 2.025868940035362), (143, 2.0459891290766916), (154, 2.047142544133163), (158, 2.0741552184684733), (238, 2.0760709355655456)]
[(242, 0.20386311927369308), (36, 0.4035192727739284), (302, 0.4183986876174447), (348, 0.4281706056001509), (107, 0.4477464296898413), (48, 0.45695742055469457), (244, 0.45909029286187264), (301, 0.46444203707244236), (127, 0.4755654208413392), (101, 0.48240357108960125)]
[(191, 2.1592638207731816), (115, 2.2520648875420974), (158, 2.266272608933003), (143, 2.3375636126103605), (5, 2.362348149257429), (283, 2.3683513200959014), (160, 2.379759541298238), (238, 2.4167766018397314), (156, 2.417088853476429), (178, 2.4230450603527784)]
[(241, 0.20386311927369308), (302, 0.3269397764114976), (348, 0.3565505499925642), (36, 0.35699998081232437), (244, 0.3610344014079545), (127, 0.4146593518781411), (48, 0.4239967497516933), (301, 0.44278767665778596), (320, 0.45370719258129477), (269, 0.46356660869825383)]
[(130, 1.6782845067508667), (304, 2.129289752311789), (288, 2.218693857362931), (291, 2.2279467249240947), (144, 2.2376049782971075), (294, 2.2376648282975715), (272, 2.2535079354863603), (239, 2.266369573304407), (94, 2.271129856415084), (237, 2.2785497568190167)]
[(161, 0.32677877103630826), (243, 0.3610344014079545), (155, 0.37189517662911414), (349, 0.398321587790569), (331, 0.4119902582586146), (348, 0.4131591195895354), (241, 0.45909029286187264), (341, 0.4634200699149747), (343, 0.4912425371443316), (320, 0.49306101468276725)]
[(230, 2.074703583261956), (152, 2.229162936552642), (168, 2.303127212813048), (156, 2.3084313470190096), (154, 2.316878901755549), (160, 2.3199838955691052), (158, 2.3414129645792943), (238, 2.34393444197998), (283, 2.3481489884374884), (5, 2.367379326470517)]
[(272, 0.5469299998171613), (294, 0.5717473365045088), (255, 0.582906819311629), (237, 0.5902935246976712), (275, 0.6091468818766128), (88, 0.6489710682303179), (342, 0.7244223079116214), (259, 0.7374466191528714), (94, 0.7384396313172797), (233, 0.7594527186072877)]
[(102, 0.0), (168, 1.0), (238, 1.6332402486774567), (178, 1.6447787806267444), (152, 1.6852552122749835), (160, 1.7200796357436479), (156, 1.7253511118320235), (154, 1.7538576669159902), (143, 1.7987416062625559), (158, 1.8124911800888852)]
[(313, 1.265987749387805), (157, 1.325652979289829), (282, 1.365420769469983), (323, 1.444393808142364), (153, 1.5324296748953932), (265, 1.5438940809524466), (298, 1.5803338293854243), (308, 1.585560196649752), (227, 1.6570697023058507), (300, 1.7462476565195442)]
[(18, 3.694408907254312), (178, 3.6997409494584885), (259, 3.7259398722470007), (244, 3.7387811878338106), (102, 3.7433067510023808), (248, 3.7433067510023808), (115, 3.759090058152372), (322, 3.8015698519164425), (131, 3.802599404486357), (152, 3.8080288572961205)]
self method result: 250: g  sklearn: b
[(227, 0.2847355121863095), (324, 0.37500862576746147), (335, 0.49663241980362094), (315, 0.6580372011520321), (323, 0.7756952290687368), (153, 0.778956087786725), (314, 0.897686824677738), (325, 0.9134307051988126), (336, 1.0661323239635876), (310, 1.226672676919153)]
[(238, 2.587780353758796), (160, 2.835737481873101), (178, 2.841648782555649), (152, 2.8467224401581546), (5, 2.8565870493650287), (154, 2.857810397139741), (156, 2.8583041324358747), (168, 2.8669765568975274), (283, 2.8960922939195153), (145, 2.9199773336277803)]
[(336, 0.9220690374912281), (185, 1.001624143329223), (254, 1.0653573331047195), (215, 1.0672112490505337), (325, 1.1337394579443727), (251, 1.3309841517088024), (163, 1.427946539755603), (315, 1.4506332874300107), (227, 1.4899728539809038), (338, 1.4983267999338463)]
[(337, 0.3396607666481367), (157, 1.6239531402414298), (283, 1.849862128430116), (227, 1.8537112033162015), (251, 1.8948598270584553), (145, 1.9410568691823533), (253, 1.9468524356252581), (215, 1.98096129598738), (249, 2.039424616699524), (185, 2.067229032497367)]
[(185, 0.24329452131110552), (215, 0.45262389696082106), (338, 0.5943101219060635), (163, 0.6784013357887791), (165, 0.6990765287148467), (253, 1.0653573331047195), (159, 1.0992914954187536), (327, 1.3395343008299565), (167, 1.6299052360183397), (326, 1.657853023883601)]
[(272, 0.40784320455292616), (237, 0.48560026369432713), (275, 0.5111092612152514), (233, 0.5679515655405837), (151, 0.5793146176301787), (247, 0.582906819311629), (317, 0.651545319375406), (239, 0.664586061695549), (257, 0.687770366401461), (274, 0.6884125810151933)]
[(99, 0.8063756326303517), (343, 0.8348138043300434), (257, 0.8415112853669878), (239, 0.8490450188888691), (84, 0.8591803074442523), (258, 0.8647941882899076), (151, 0.884921332944347), (317, 0.9028929087660394), (22, 0.907502028041811), (274, 0.9129669364221249)]
[(99, 0.5199650750771633), (151, 0.5342322821582387), (258, 0.6138664819812204), (239, 0.6210271606781784), (274, 0.6263280843136446), (343, 0.6285071847640249), (317, 0.6314853326087629), (272, 0.6843547949711465), (256, 0.687770366401461), (275, 0.6978082144830341)]
[(343, 0.224287819107503), (155, 0.3802870556566447), (239, 0.45126740963645934), (331, 0.47182952069576994), (286, 0.49502548762664733), (341, 0.507102464498054), (349, 0.5183490592255376), (317, 0.5244144763448089), (161, 0.5321694977166579), (245, 0.546574625920377)]
[(88, 0.6470324779329086), (247, 0.7374466191528714), (322, 0.7405907305658098), (276, 0.7603860593146091), (211, 0.8104498076377094), (289, 0.8417737639651167), (131, 0.8500369503733352), (275, 0.8666521093264586), (272, 0.879105748701486), (137, 0.8959655757896058)]
[(277, 0.41241916129103395), (261, 0.662327757760461), (219, 0.7057832172841743), (225, 0.8663116148361397), (221, 1.0324191751415701), (82, 1.062245433268602), (223, 1.1029933513852204), (217, 1.2553190886384225), (262, 1.2571506552915606), (42, 1.2727694817601498)]
[(219, 0.3567758188274536), (277, 0.4581527951458989), (261, 0.662327757760461), (225, 0.7142524029361049), (263, 1.0952133967862152), (262, 1.16844977898068), (223, 1.2645994420764228), (278, 1.285144036129803), (82, 1.300993799831498), (221, 1.405659224954612)]
[(278, 0.4086475498519476), (264, 0.4502405720278882), (225, 0.6138033594727224), (263, 0.8429683577098254), (96, 0.9048474880332044), (221, 1.0979221146784501), (111, 1.1247310971961253), (277, 1.142047512890773), (262, 1.16844977898068), (280, 1.2277623354705096)]
[(278, 0.6130812669622193), (225, 0.6958781035497524), (264, 0.7834495197522301), (263, 0.8429683577098254), (262, 1.0952133967862152), (219, 1.1878485094489113), (96, 1.2929881237273604), (277, 1.303767449739408), (261, 1.4733566275006198), (280, 1.6367246306877647)]
[(278, 0.28581545986877616), (263, 0.4502405720278882), (96, 0.5879948788042291), (264, 0.7834495197522301), (225, 0.8622953202934596), (280, 0.95626425369769), (111, 0.9858505150883677), (279, 1.2225330114970312), (133, 1.4105640517892124), (221, 1.436682737280573)]
[(133, 1.2242973832366055), (111, 1.4454039214351122), (135, 1.46377279985659), (279, 1.494415214122233), (157, 1.5124961466727775), (249, 1.5438940809524466), (89, 1.553493965936141), (145, 1.5748497349906119), (113, 1.5844735543075499), (283, 1.5857571631873526)]
[(233, 1.104964661335375), (99, 1.23143354347687), (151, 1.2415067154067267), (117, 1.2464520072991179), (317, 1.2602522917257482), (322, 1.2855445889972077), (207, 1.294627180349617), (275, 1.3157378884489113), (88, 1.3172299560061635), (272, 1.3412186028011988)]
[(258, 0.9215701602157049), (256, 0.9303226781606476), (117, 0.9394725714995622), (99, 0.9553618803887877), (151, 0.9587333298159609), (233, 0.9606789638063281), (317, 0.9617086603020687), (273, 0.9899038038617691), (272, 1.0243822871369848), (84, 1.0889514086955396)]
[(144, 0.6639826258269111), (294, 0.6947017101605552), (275, 0.7079027646506263), (272, 0.7219264311548649), (237, 0.7365784202649436), (273, 0.7521181770838942), (342, 0.7557001830752721), (256, 0.7650486826993431), (290, 0.7709462159580266), (274, 0.7973430304454915)]
[(141, 0.23344913043316307), (302, 0.2368235197356884), (129, 0.24843579291237405), (319, 0.26107980121028124), (333, 0.2695722591440002), (347, 0.29282892531305704), (328, 0.30205640549407325), (231, 0.31431053784434265), (147, 0.3168461631454609), (321, 0.3260161862546091)]
[(247, 1.021181255850302), (256, 1.0423736604020652), (273, 1.0519229398107068), (272, 1.1061490474615074), (342, 1.1278702695345775), (233, 1.1441905847803504), (322, 1.1930517855483054), (237, 1.2324322995605075), (305, 1.2347305150112717), (137, 1.2372386953211574)]
[(151, 0.894930843305783), (99, 1.0158415706693638), (117, 1.0230341949319193), (317, 1.027092446033949), (344, 1.0497120679976961), (233, 1.0803046087562524), (258, 1.0813765405260094), (237, 1.0939921114889266), (275, 1.098050818587191), (86, 1.1277364935568945)]
[(256, 0.40784320455292616), (237, 0.4545054208697626), (275, 0.4654688518042856), (247, 0.5469299998171613), (151, 0.6118949459670344), (233, 0.6529186218051987), (294, 0.6584824684834061), (258, 0.6843547949711465), (88, 0.7019758408235999), (274, 0.7028553471376596)]
[(256, 0.6963188732182979), (273, 0.7062327903035939), (269, 0.7521181770838942), (275, 0.7783495692168141), (237, 0.7802412258398039), (247, 0.7803326548338214), (84, 0.7983018566933187), (342, 0.8047842555617001), (258, 0.8307049890905917), (233, 0.8421822330113596)]
[(239, 0.44904963834747713), (237, 0.5529918576254084), (275, 0.6217910912838812), (258, 0.6263280843136446), (259, 0.6464082019126923), (343, 0.6529518760980783), (99, 0.6816595256431175), (256, 0.6884125810151933), (273, 0.7028553471376596), (155, 0.7212290586214618)]
[(237, 0.4251760936365073), (273, 0.4654688518042856), (256, 0.5111092612152514), (247, 0.6091468818766128), (275, 0.6217910912838812), (151, 0.637868722465681), (294, 0.6680778346121058), (88, 0.6777735016213012), (258, 0.6978082144830341), (269, 0.7079027646506263)]
[(211, 0.6322772476532744), (88, 0.7541868283787512), (260, 0.7603860593146091), (123, 0.764402831561998), (131, 0.7958242925420158), (247, 0.8331240676513914), (115, 0.8707785116204924), (289, 0.8737146691569279), (274, 0.9121017168605702), (94, 0.940740916405787)]
[(261, 0.41241916129103395), (262, 0.4581527951458989), (219, 0.6200334099062726), (225, 0.7549505722893387), (263, 1.142047512890773), (221, 1.1443943050365113), (82, 1.1772612530360453), (223, 1.1863541936538176), (264, 1.303767449739408), (278, 1.3528702774841348)]
[(265, 0.28581545986877616), (263, 0.4086475498519476), (264, 0.6130812669622193), (225, 0.7397189492638404), (96, 0.7840344394221468), (280, 1.1190550549459128), (111, 1.1746514442165386), (262, 1.285144036129803), (278, 1.3528702774841348), (279, 1.4017350344840496)]
[(111, 0.37861564719382634), (113, 0.49128982576479235), (280, 0.5333693184839188), (97, 0.570089709256359), (96, 0.7756223548222421), (135, 0.8608275188445128), (265, 1.2225330114970312), (307, 1.2503491127681101), (263, 1.3872677822612332), (279, 1.4017350344840496)]
[(96, 0.4400316927222402), (280, 0.5333693184839188), (111, 0.5336723033847643), (97, 0.6324692660517188), (113, 0.8876195142063968), (265, 0.95626425369769), (279, 1.1190550549459128), (263, 1.2277623354705096), (135, 1.2791340344545603), (306, 1.336608505359741)]
[(295, 0.2905875303587544), (296, 0.7056333106507939), (307, 0.7383438544472353), (135, 0.7731802760029514), (113, 1.1179361091314657), (298, 1.4809841201376874), (280, 1.5011670186891266), (97, 1.5078530628678646), (297, 1.62277574938745), (266, 1.6356533921953023)]
[(313, 0.6864146262282004), (153, 0.7354385565089717), (323, 0.7476422546244963), (300, 0.905983466957317), (308, 0.9307162376900923), (335, 0.9777964662955169), (314, 1.0271316024249277), (227, 1.036868846093854), (298, 1.038056261866379), (324, 1.1693044333705402)]
[(145, 0.34698410943442354), (160, 0.6454951538160455), (154, 0.6781153243365026), (152, 0.712752449311821), (156, 0.7261323346332952), (143, 0.7334697605218636), (178, 0.8552484121587131), (238, 0.8721500930459161), (5, 0.8722931450493004), (158, 0.9645871913932925)]
[(84, 1.1050391518403317), (293, 1.1134551606598264), (342, 1.128160082213513), (144, 1.1513792461217978), (259, 1.1672656960178347), (273, 1.1850294532204675), (269, 1.1931766153424228), (233, 1.2032014247415102), (343, 1.2075013424009102), (276, 1.2078166712709342)]
[(131, 0.6957423080422808), (260, 0.937081938893286), (88, 0.974277315706365), (277, 0.9872713595562267), (211, 1.0567911335263938), (274, 1.0882980178701054), (268, 1.1029616058594245), (115, 1.1309336900543727), (342, 1.160042127640199), (247, 1.167060728111438)]
[(331, 0.2783906690246639), (155, 0.3901454271166073), (318, 0.40032086905381276), (343, 0.4065709721561537), (330, 0.44173926857366885), (161, 0.4491124606376447), (16, 0.4666095988082542), (38, 0.4776547591095476), (320, 0.48193394059767153), (349, 0.4825647500595127)]
[(320, 0.7100565409881102), (243, 0.7515841354100018), (292, 0.7530589956304884), (331, 0.7578161907085385), (349, 0.7582681223023952), (245, 0.7640262265132003), (288, 0.7655592738645389), (141, 0.7999061678722075), (302, 0.8026582551746417), (149, 0.8075019584496373)]
[(331, 0.49473457863787934), (155, 0.5275952039205816), (245, 0.5366986949863024), (320, 0.5508342289654848), (287, 0.5638321282970667), (330, 0.5694269955841574), (343, 0.5823433690701733), (318, 0.5938868925140545), (321, 0.6019441221575306), (161, 0.6238429417730074)]
[(88, 0.8303620391130606), (260, 0.8417737639651167), (247, 0.8534546017217319), (277, 0.8737146691569279), (294, 0.9859971430993092), (256, 0.9882024236966837), (137, 0.9916668941232232), (276, 0.9933123981406856), (273, 1.012561571708111), (274, 1.0542808535679664)]
[(269, 0.7709462159580266), (84, 0.8098145613657487), (239, 0.8143691594111359), (294, 0.869402648604201), (144, 0.8981834710681331), (275, 0.9085446583960527), (2, 0.916497021162644), (274, 0.9198197834358641), (256, 0.9276661823091321), (259, 0.9315907628352698)]
[(48, 0.6539940589944223), (245, 0.674027767825629), (241, 0.6836038942253035), (292, 0.7118662202268063), (243, 0.7210357695704145), (107, 0.7572922291295482), (24, 0.7632069310481921), (341, 0.7689595450997406), (349, 0.7766505257192581), (86, 0.7873845584592067)]
[(243, 0.5134744989773105), (245, 0.5142462043612962), (241, 0.5546204537339027), (161, 0.565324354596545), (341, 0.583418522074848), (331, 0.5879256585657747), (349, 0.607214826564701), (320, 0.6172209982656132), (348, 0.6388932450730717), (302, 0.6469255144914289)]
[(144, 0.7645667887110976), (269, 0.8279859590596933), (341, 0.8363310834830905), (273, 0.8430510094887498), (86, 0.8437739260607666), (151, 0.8440785018586838), (276, 0.8726827614889616), (294, 0.8736500061809648), (84, 0.8833034077257939), (256, 0.9108759466030488)]
[(247, 0.5717473365045088), (237, 0.6362687256969338), (273, 0.6584824684834061), (144, 0.6621965686259632), (276, 0.6680778346121058), (342, 0.6906665503700031), (269, 0.6947017101605552), (275, 0.7751911993179488), (256, 0.8035205780812338), (88, 0.8443011448529488)]
[(282, 0.2905875303587544), (307, 0.7336067192985627), (135, 0.7647041671130087), (296, 0.7668409059902842), (113, 1.1120311264078897), (97, 1.4379361761218752), (280, 1.488016114697687), (298, 1.5958053779518353), (297, 1.6769099175566946), (111, 1.702511374793132)]
[(282, 0.7056333106507939), (296, 0.7668409059902842), (307, 1.2578721371029726), (297, 1.3144854001091073), (299, 1.377512200163759), (135, 1.4121996501557421), (298, 1.487969716291296), (113, 1.7581602218228005), (308, 1.8292048200515985), (309, 1.9262517928349867)]
[(299, 0.8780478357697831), (298, 1.075585161621338), (309, 1.1795208181715149), (308, 1.214455639782697), (300, 1.248346196653797), (297, 1.3144854001091073), (313, 1.4921320371870581), (314, 1.5619780204599552), (282, 1.62277574938745), (296, 1.6769099175566946)]
[(308, 0.4964892442943753), (300, 0.6012165198994452), (313, 0.6873725406939093), (299, 0.828313067143094), (283, 1.038056261866379), (309, 1.0419200659359622), (323, 1.0646345704043243), (298, 1.075585161621338), (153, 1.090702682219128), (314, 1.1334929439127535)]
[(309, 0.5549813297760565), (299, 0.828313067143094), (298, 0.8780478357697831), (300, 0.8939606633403955), (308, 0.916396126737777), (314, 1.2685907017237672), (310, 1.3438252406470121), (313, 1.353574002816248), (297, 1.377512200163759), (153, 1.4854011347107554)]
[(308, 0.4571554999122289), (299, 0.6012165198994452), (314, 0.6651950090762858), (313, 0.6680135213451895), (153, 0.754749288307051), (323, 0.7780220534792056), (309, 0.7912615824112783), (300, 0.8939606633403955), (283, 0.905983466957317), (335, 0.9543480341573507)]
[(319, 0.2717558567906127), (302, 0.2777842367737954), (101, 0.30815450767431585), (36, 0.3238099524412429), (129, 0.3343361639129097), (127, 0.359111807519608), (270, 0.3799676553339771), (141, 0.4015241641545375), (348, 0.4023680796236203), (303, 0.4139128833462422)]
[(141, 0.21674424836659448), (129, 0.2284837987691906), (270, 0.2368235197356884), (319, 0.2408934808167294), (127, 0.2746888324996122), (302, 0.2777842367737954), (347, 0.2806125599469845), (320, 0.28734095392059933), (333, 0.30374320568532887), (348, 0.3046342726943244)]
[(302, 0.4139128833462422), (303, 0.4609324486299483), (348, 0.47293929473030677), (319, 0.5283537533698421), (270, 0.5404773518844245), (347, 0.5536414426323232), (129, 0.5713452792313944), (147, 0.5761819237011866), (320, 0.5765142742378544), (36, 0.5892585233155309)]
[(237, 0.9077003810729619), (256, 0.9177027568336057), (273, 0.9653839187597855), (276, 0.9723558950302097), (137, 1.0459417466570498), (151, 1.0780826530929808), (155, 1.0846158733855966), (233, 1.1189619906413264), (239, 1.1308929172560944), (275, 1.1368913915585779)]
[(211, 1.0245765270588625), (342, 1.0269575110003335), (115, 1.0631757355207088), (137, 1.0635235536178782), (94, 1.0952531901345917), (247, 1.0979784060718132), (123, 1.1046294260972773), (273, 1.1585504258770958), (277, 1.174928807417709), (260, 1.1755683748298096)]
[(97, 1.2940086431318765), (281, 1.336608505359741), (113, 1.5378266287849225), (280, 1.548821844854985), (96, 1.5498847504895323), (111, 1.5926381978968103), (135, 1.7373907272401337), (307, 1.7736638215005682), (265, 1.9649629329073868), (279, 2.1063319442576)]
[(135, 0.6968197246060132), (296, 0.7336067192985627), (282, 0.7383438544472353), (113, 0.9107633671267197), (97, 1.1806894543443673), (280, 1.2503491127681101), (297, 1.2578721371029726), (111, 1.4360999271986612), (281, 1.6179767174777269), (266, 1.622058518981359)]
[(301, 0.4571554999122289), (299, 0.4964892442943753), (313, 0.5563781221435652), (323, 0.7405002068872095), (314, 0.7963417629385011), (153, 0.8058892010071856), (309, 0.9048949148381816), (300, 0.916396126737777), (283, 0.9307162376900923), (335, 1.031886451505203)]
[(300, 0.5549813297760565), (301, 0.7912615824112783), (310, 0.873470990703183), (314, 0.8902086589670986), (309, 0.9048949148381816), (299, 1.0419200659359622), (298, 1.1795208181715149), (153, 1.2497454619241473), (323, 1.2897580360284637), (335, 1.3036428014989383)]
[(314, 0.6101153683525764), (310, 0.873470990703183), (324, 0.8934553865191032), (335, 0.8981942912866904), (301, 0.9990150833696155), (153, 1.0149713929958815), (323, 1.0352013861563363), (309, 1.1072483541193459), (227, 1.1858961871091416), (315, 1.198346913460372)]
[(127, 0.2258148367579066), (129, 0.3393622702953291), (319, 0.3489113691182905), (141, 0.3659144637753474), (333, 0.4133065167644953), (303, 0.4421222606926731), (270, 0.44682577980685045), (302, 0.461998155191122), (101, 0.5064341714379076), (332, 0.5222948670052195)]
[(127, 0.8896725257081955), (243, 0.8997447924272748), (331, 0.9051086002243045), (141, 0.9184585327057504), (320, 0.924593474830966), (241, 0.9326277459415414), (312, 0.9366564972816875), (303, 0.9417351759916374), (346, 0.9508797846205376), (345, 0.951823635869587)]
[(323, 0.5422815266999237), (309, 0.5563781221435652), (153, 0.6499482083212478), (301, 0.6680135213451895), (283, 0.6864146262282004), (299, 0.6873725406939093), (314, 0.873515834086595), (335, 0.9139422967562012), (227, 1.0178575861582995), (324, 1.1376625861827399)]
[(335, 0.4494450493664381), (153, 0.5493999356570766), (323, 0.5777603714343862), (324, 0.5849864032607938), (311, 0.6101153683525764), (301, 0.6651950090762858), (309, 0.7963417629385011), (227, 0.8054643466349083), (314, 0.873515834086595), (310, 0.8902086589670986)]
[(325, 0.47930546971633864), (324, 0.6086340112908578), (251, 0.6580372011520321), (336, 0.7517840942052445), (335, 0.8467805379789973), (227, 0.8752598568425265), (315, 1.0937862339141045), (311, 1.198346913460372), (153, 1.2102461328176182), (323, 1.2377853195526274)]
[(161, 0.8026222090124344), (331, 0.8280780543523659), (243, 0.9058569123211458), (245, 0.9110726155471912), (287, 0.9240861762303341), (107, 0.9247441981975341), (303, 0.9370597036475318), (347, 0.9465094247813912), (320, 0.947558596182843), (346, 0.9498223734467408)]
[(117, 0.40979467724703306), (151, 0.4761174361436473), (343, 0.4902669217885295), (259, 0.5244144763448089), (99, 0.542380326892486), (155, 0.568067623879411), (341, 0.5900232442031416), (38, 0.6088440085112113), (287, 0.6198938154232545), (258, 0.6314853326087629)]
[(320, 0.2943346049991404), (331, 0.3318452211498607), (347, 0.3326462936814418), (330, 0.33633026625625), (346, 0.34109350741402283), (328, 0.37933241240368587), (16, 0.381040332642097), (329, 0.38132906760434615), (231, 0.3924104728469922), (340, 0.39503819157139725)]
[(129, 0.0999649758665504), (333, 0.22433521279549495), (141, 0.2271520343294332), (303, 0.2408934808167294), (270, 0.26107980121028124), (127, 0.27096442275693683), (302, 0.2717558567906127), (147, 0.302093731646322), (312, 0.3489113691182905), (231, 0.3511176987848946)]
[(347, 0.23476663050783003), (328, 0.27165673597391243), (303, 0.28734095392059933), (346, 0.29215849619684175), (319, 0.2943346049991404), (141, 0.2949882716312633), (331, 0.31493631213310413), (149, 0.3285016476366595), (231, 0.3411584161353784), (321, 0.34195635160061005)]
[(328, 0.24474016384729336), (346, 0.24848489833388263), (347, 0.26315519831460665), (231, 0.28422262172459106), (340, 0.28578261126247695), (149, 0.31220917491323025), (333, 0.31569441078359306), (332, 0.3221370008241835), (270, 0.3260161862546091), (141, 0.32675748560668044)]
[(260, 0.7405907305658098), (233, 0.8750658763201774), (247, 0.9018161487243396), (88, 0.9122112934512485), (273, 0.9145022567495392), (211, 0.9311457233430221), (256, 0.9382215436132343), (342, 0.9386191772492185), (276, 0.9597799855175143), (274, 0.966581986227759)]
[(153, 0.3034227949577949), (335, 0.45825600858035676), (314, 0.5422815266999237), (227, 0.577434760384236), (315, 0.5777603714343862), (324, 0.6633951953398517), (309, 0.7405002068872095), (283, 0.7476422546244963), (251, 0.7756952290687368), (301, 0.7780220534792056)]
[(335, 0.2632738543798073), (251, 0.37500862576746147), (227, 0.41718898055917053), (315, 0.5849864032607938), (316, 0.6086340112908578), (153, 0.6394840567989167), (324, 0.6633951953398517), (311, 0.8934553865191032), (325, 1.0108137546551292), (314, 1.1376625861827399)]
[(336, 0.2886263058004242), (316, 0.47930546971633864), (251, 0.9134307051988126), (325, 1.0108137546551292), (253, 1.1337394579443727), (227, 1.1552015602915364), (335, 1.2453038254177171), (315, 1.5498054817298845), (153, 1.583871109434098), (324, 1.6039956886475724)]
[(327, 1.5747554719066703), (185, 1.625067357219386), (255, 1.657853023883601), (215, 1.6784950824175804), (253, 1.6946084907730163), (163, 1.7453824379774194), (338, 1.8075762288766692), (159, 1.9300955720637254), (337, 1.9833894586036298), (165, 1.9877982688894766)]
[(159, 1.1420047541056912), (215, 1.3020728597893436), (338, 1.320753268139057), (185, 1.3210676023580321), (255, 1.3395343008299565), (163, 1.3762709708847307), (327, 1.5747554719066703), (165, 1.6616261880760061), (253, 1.7048900226994117), (337, 1.9364576609882287)]
[(347, 0.1842364279940316), (231, 0.21641102906275367), (346, 0.23304160379640365), (322, 0.24474016384729336), (149, 0.2570547056562085), (141, 0.26213521739743395), (321, 0.27165673597391243), (332, 0.27243206290743394), (340, 0.2813934915736325), (333, 0.2815396870780389)]
[(330, 0.3697898208442195), (319, 0.38132906760434615), (329, 0.41307475824601053), (321, 0.43510223614686233), (347, 0.4444434149585299), (231, 0.4686563852120229), (346, 0.4922309053686085), (149, 0.5160555225942263), (340, 0.516152712673294), (332, 0.5297616394190883)]
[(319, 0.33633026625625), (330, 0.3697898208442195), (321, 0.406055854901761), (331, 0.41912187964839054), (155, 0.43384627358086175), (287, 0.44173926857366885), (329, 0.47729653309027914), (343, 0.4823056201206865), (347, 0.48482269057873106), (38, 0.5079799666325435)]
[(287, 0.2783906690246639), (321, 0.31493631213310413), (319, 0.3318452211498607), (161, 0.37860953250017354), (155, 0.38431613978598395), (343, 0.39934686251428086), (347, 0.40004178969202703), (245, 0.4119902582586146), (331, 0.41912187964839054), (349, 0.42317811332818245)]
[(340, 0.1326060956366637), (334, 0.13823525780349952), (333, 0.1662513419494712), (231, 0.1876869153670548), (149, 0.21487105342507176), (346, 0.214947446135096), (347, 0.2583607758542306), (329, 0.27243206290743394), (141, 0.2798657140487202), (147, 0.31068365084117316)]
[(333, 0.1662513419494712), (129, 0.16931995718166243), (231, 0.1913878081278951), (141, 0.1939719660157106), (340, 0.20400119141808956), (320, 0.22433521279549495), (149, 0.23925888719125987), (147, 0.23933884181218892), (334, 0.24757701508823474), (346, 0.25469934609260386)]
[(333, 0.13823525780349952), (340, 0.16493907511563172), (231, 0.2193209299177805), (334, 0.24757701508823474), (149, 0.282061141066968), (346, 0.2879598807125742), (347, 0.3254900834126901), (147, 0.32694799372377253), (329, 0.33735881550657604), (322, 0.36276358885643417)]
[(325, 0.2632738543798073), (227, 0.41473922059530366), (153, 0.41838670210703394), (315, 0.4494450493664381), (324, 0.45825600858035676), (251, 0.49663241980362094), (316, 0.8467805379789973), (311, 0.8981942912866904), (314, 0.9139422967562012), (301, 0.9543480341573507)]
[(326, 0.2886263058004242), (316, 0.7517840942052445), (253, 0.9220690374912281), (251, 1.0661323239635876), (325, 1.2308956200263286), (227, 1.3067538316377727), (336, 1.4561942158242493), (153, 1.7744019457552456), (324, 1.7891399304134934), (315, 1.7907239379089117)]
[(254, 0.3396607666481367), (157, 1.6916873721524317), (253, 1.7009973244834926), (227, 1.744725055273753), (215, 1.7528861240822233), (251, 1.765601230006368), (185, 1.825206006948257), (338, 1.8517966963735517), (163, 1.8625835751181743), (255, 1.8934430274238518)]
[(163, 0.5057196942971472), (215, 0.5724625862883966), (255, 0.5943101219060635), (185, 0.604510730673989), (159, 0.8029773012358443), (165, 0.8717231495147986), (328, 1.320753268139057), (167, 1.338841340637493), (253, 1.4983267999338463), (327, 1.8075762288766692)]
[(156, 1.348108059949202), (154, 1.3620893511807513), (160, 1.4241510616153048), (284, 1.4512390395451744), (152, 1.465804020017683), (145, 1.4768491269930046), (5, 1.4922411858007405), (143, 1.504542897527352), (238, 1.529360184619699), (138, 1.5307760920853186)]
[(333, 0.1326060956366637), (335, 0.16493907511563172), (231, 0.16506793571133066), (334, 0.20400119141808956), (149, 0.21409388828268786), (346, 0.2196109318772633), (347, 0.25938213913066566), (147, 0.2781482376359771), (329, 0.2813934915736325), (322, 0.28578261126247695)]
[(155, 0.3583585553604099), (343, 0.4380349064857731), (245, 0.4634200699149747), (332, 0.4764008128666449), (349, 0.4817336819239444), (287, 0.501618359412811), (259, 0.507102464498054), (243, 0.5103388993600233), (161, 0.5324644523346136), (331, 0.5366343402168743)]
[(295, 0.6906665503700031), (247, 0.7244223079116214), (273, 0.7367956051036134), (269, 0.7557001830752721), (144, 0.7713393116521418), (274, 0.8047842555617001), (211, 0.8150908822947291), (276, 0.8292666723678217), (237, 0.847980024705771), (256, 0.8748778718198329)]
[(259, 0.224287819107503), (155, 0.3316641884497028), (332, 0.39934686251428086), (287, 0.4065709721561537), (342, 0.4380349064857731), (161, 0.4770459295497656), (331, 0.4823056201206865), (349, 0.48980133013294275), (318, 0.4902669217885295), (239, 0.4905964219192799)]
[(272, 1.0497120679976961), (276, 1.3918700449754637), (151, 1.4273905229473818), (318, 1.4813666622413237), (275, 1.5082046643277565), (117, 1.5126588855720247), (237, 1.5238377395575948), (86, 1.5278083040748274), (169, 1.5467344168602442), (258, 1.5496142393189347)]
[(203, 0.46079176348975676), (347, 0.47251390677947247), (349, 0.4732882058534736), (332, 0.4848177234796599), (346, 0.48851306922128496), (321, 0.5124170452863566), (329, 0.5166301027814775), (141, 0.5207800742155944), (319, 0.5547678867778847), (161, 0.5589155817294772)]
[(347, 0.1307324148786367), (333, 0.214947446135096), (341, 0.2196109318772633), (329, 0.23304160379640365), (231, 0.23550331292786522), (322, 0.24848489833388263), (334, 0.25469934609260386), (141, 0.2717885525551067), (335, 0.2879598807125742), (321, 0.29215849619684175)]
[(347, 0.1307324148786367), (329, 0.1842364279940316), (231, 0.21334094567147674), (321, 0.23476663050783003), (141, 0.2515106729345695), (333, 0.2583607758542306), (341, 0.25938213913066566), (334, 0.2609267180646704), (322, 0.26315519831460665), (303, 0.2806125599469845)]
[(303, 0.3046342726943244), (243, 0.3565505499925642), (270, 0.3730497242995899), (302, 0.4023680796236203), (329, 0.4094841717331697), (348, 0.41310827261143057), (245, 0.4131591195895354), (321, 0.41540416451932693), (241, 0.4281706056001509), (322, 0.4562132715079648)]
[(245, 0.398321587790569), (332, 0.42317811332818245), (155, 0.43828787286439946), (161, 0.46562795244701544), (346, 0.4732882058534736), (342, 0.4817336819239444), (287, 0.4825647500595127), (344, 0.48980133013294275), (243, 0.49575800316283347), (241, 0.5158744784344347)]
correct predict: 293
accuracy is: 0.8347578347578347
